(468.6680985199811,262.14401949383216,-274.9825196266422)
(467.9854581363256,264.45195159147755,-277.96944404608615)
(468.06151654337066,264.0271379859371,-276.84474515711116)
(468.26739328481887,263.96663251239363,-276.7744518282756)
(469.24424269527935,265.0070638761307,-276.3551629137768)
(470.57455305828756,262.7258993676313,-276.5782755319888)
(469.2651268494906,264.15925207024696,-274.0095846355231)
(469.93583751940207,265.4386402578652,-276.74727271404123)
(469.3991044335521,262.9073349070456,-277.02146324210497)
(470.68435560147174,264.5512162304193,-275.71879284272296)
(470.2781023621195,263.7883426661128,-275.8355751650275)
(469.64786876329674,262.44863961391445,-273.76242881917494)
(468.70333057704823,264.1541990224801,-274.95697188453653)
(468.3591664346978,261.4929570943654,-276.61770350629115)
(469.98964968906535,263.2450369609214,-274.27444048026194)
(468.62631818323797,261.5072212692433,-275.98877171112247)
(470.04674882321854,263.132917405787,-277.0499938481951)
(470.4859793799477,262.497699682649,-274.28616986895236)
(471.43793981119046,262.43412684116987,-273.58525302814525)
(473.13815742951806,261.1980188533626,-274.2524975598075)
(474.5485585299344,259.8157897476272,-273.21442557938036)
(473.71472339678746,259.5946726817002,-271.8818243929769)
(473.53685583849403,258.85349590299273,-268.4370413642482)
(476.3966674699204,253.5604030063733,-268.16653625440506)
(479.0100652819234,255.10796735591683,-265.3505930766608)
(478.3295002346395,250.13011093630539,-263.03630874891684)
(478.6178442988602,248.61950705356534,-261.22458101720997)
(485.5969080814393,248.18259307211963,-256.3298452124229)
(484.198318424825,244.72611869319206,-254.96503309059926)
(487.9700314310566,241.95091653049997,-249.33232597535073)
(488.10114775747564,240.08418877289176,-245.83823480197253)
(492.6741692929178,237.26998708838735,-242.29595471975696)
(495.45320707695055,237.61272010860347,-236.93596682947)
(498.64691276725324,231.61379203902385,-232.8523771299964)
(499.7538891953205,230.50765003653092,-226.82301436493958)
(501.50833806458604,226.45334316833768,-222.5185985987139)
(504.64461589717894,226.55122096240095,-216.65747367780995)
(508.7845752601264,223.05794240345304,-212.5780829337017)
(511.42763886570634,217.87554175997488,-204.5046615832563)
(514.5048443521082,213.40308691439674,-199.23074090838062)
(517.9404967774943,209.52807741992711,-192.40150620304283)
(522.2231148270882,203.06463529254452,-184.6251275568847)
(523.8158212396701,201.22956208050667,-178.2466059573779)
(528.5762061400545,197.27507345077734,-172.4076723620798)
(531.5028703157138,189.64590488678542,-164.99105085987517)
(533.5848249745052,185.77632134566906,-153.63279400483123)
(537.5962439794439,182.3160214012892,-148.83294050080625)
(540.0956325564242,176.54394480641548,-142.09672527571107)
(545.4521311565003,168.88664398565575,-131.22015567807048)
(545.8009522713892,161.44739712178682,-124.91571151660982)
(549.9898355738251,156.83016147948672,-116.42023594126839)
(553.970812765397,147.87093460768742,-106.09257066603364)
(556.4911804626865,142.84338569538892,-97.81822850679731)
(559.5889217541911,136.89898701021065,-88.10846677136293)
(560.807067713231,128.68243143482457,-78.09476583968592)
(565.4064397298572,121.32269832546012,-68.6664252401853)
(567.0256765747143,114.3558765241448,-58.3804786809035)
(569.4684285125263,107.07669258088976,-49.11415715961354)
(570.804335363291,99.65094830038178,-39.89457450543004)
(573.520681473221,92.55932934485926,-30.02640085934234)
(574.3753172941223,83.33439290862444,-19.823552413216238)
(577.7436334604786,75.19984598404751,-10.879679278772471)
(577.5872801141182,67.27797356418235,-0.7977218067964301)
(578.0443002877597,60.32741696279761,7.924455569469548)
(577.8510317908572,51.54097238743003,17.666124540114392)
(580.3878077905807,43.7271634882039,28.350468406066078)
(581.9657034340875,35.455425978881514,38.02333985538202)
(581.1308437416684,26.335609197917762,49.41440927696611)
(583.7432705404835,18.198986797615998,58.6933651027545)
(582.8694857129162,10.997412354577465,67.99742435668756)
(583.3022382702255,1.5618880715802426,79.93555565568992)
(580.0917403048386,-4.068923754384033,89.61914972660438)
(580.7967639951282,-11.636148159935583,100.04608339277463)
(579.8766964028976,-21.425820422433507,108.1218793759649)
(578.4061616515166,-29.419023907213575,119.45190071079303)
(575.9798139899299,-38.40036422668912,131.77232122412116)
(577.1716354342818,-42.88430053200715,140.05973102545462)
(573.7708184065978,-48.7300105189147,147.7709484042775)
(571.6882229270495,-66.82337686549013,170.1556554605749)
(567.9079178581003,-73.30976809250852,178.98831663956827)
(564.7440590305724,-82.38357062691296,188.85268487379858)
(563.0803034732396,-86.21266642621909,199.2795638594067)
(562.0204111813745,-96.54725966406099,208.96723208741835)
(561.3029866989493,-100.5287210899592,218.21225936891452)
(557.709860680275,-105.07537610300794,226.04393556507875)
(554.6358896989485,-112.20758597560119,235.6403474262654)
(552.3938849768278,-119.06699882164477,242.7816471546183)
(550.769368708607,-124.32237882941153,251.43528742902396)
(544.6343896117241,-130.8746026124059,259.19871483808146)
(544.0983535833508,-134.60090519475227,269.7286564833615)
(541.4170992239486,-139.7029579848976,275.43664034717204)
(538.9344505779106,-144.96996294914265,282.7050683342217)
(532.9148808202788,-149.40465113614056,291.59181209067947)
(530.8753607280605,-155.41489095966503,295.2078389134772)
(526.2031628472074,-160.73073007354387,302.6438710132358)
(525.1667117989973,-165.1790976921117,308.0981384766096)
(519.982100842386,-167.6295104545261,316.22916624521156)
(519.7400869548771,-172.98203498112318,323.9731536434377)
(516.0635905277386,-178.95480683479926,326.2454083992853)
(512.6079885787805,-181.84003837029957,333.8377224260598)
(511.048085044096,-186.83443714802897,336.84789185800116)
(508.03527665962764,-189.2833115065925,342.47527665793496)
(505.742077074942,-191.6649173903627,346.43105395666095)
(501.08073404688076,-195.77460808976426,350.22903536525826)
(500.4384963943966,-201.2995908064303,353.24235351385863)
(497.17609183697425,-205.00897874298715,357.7448882227626)
(495.2154339277407,-207.44656253444995,361.68829068474105)
(494.6898250434823,-211.31868060425884,363.10137413803784)
(492.78815755292425,-214.00498435010294,367.1063446656082)
(492.2800965619772,-219.86900407400555,365.7018784099651)
(491.48698905753525,-220.81344012965408,370.01121980152374)
(488.62845869862196,-222.20051168598528,370.46506186073583)
(487.4502738869288,-225.75838909038163,369.8089171197638)
(488.5788657688623,-230.4934367871012,371.8467005376312)
(485.75571633659337,-231.78434690571075,372.9752477638164)
(487.1601851136826,-236.74746977786108,372.3968728104843)
(486.0393170659038,-237.75999705716072,371.4971968703949)
(485.2897733644135,-242.99981702918183,372.6996102488273)
(484.5359744925114,-240.02719407637736,371.8928684406783)
(483.6526362323245,-245.191966033987,371.11064522097047)
(484.9423166245024,-243.5075471949855,370.57662828813943)
(484.8954421274911,-247.99696753948334,371.6980963292731)
(486.24797815695354,-252.02018620554708,369.54663009731604)
(486.3019397409549,-250.59149283292075,368.8995157425411)
(485.7007361806263,-253.82324799581906,367.7781746197514)
(488.5750453953644,-255.21134675611628,365.1789552007507)
(489.2484804217143,-253.94461040730977,361.9063046584449)
(489.9664478334144,-259.09693319429886,362.6395078369224)
(490.5170098580566,-255.78504321598268,361.82480331850314)
(491.4586474338644,-257.76591539711995,360.47959196108246)
(492.50122068492385,-260.1039755112295,358.36713439727447)
(492.759670188037,-257.9959964642832,357.40461759089925)
(495.7694626849508,-256.9570714327554,355.1692306061269)
(494.14284996615805,-255.19695142609464,354.7021440940547)
(498.19766622630254,-255.52028325978208,352.02175875218524)
(500.53275660683767,-253.93877014007086,349.41797972503076)
(500.36151763019274,-251.27009793142003,347.38009423386166)
(502.7205962808532,-250.5973122215579,345.01198293528813)
(504.73101289938035,-248.61308797479592,341.31698395211265)
(506.1944100707697,-248.94631556960636,340.7438301404361)
(507.9359413955064,-245.70852898861634,336.1654375032414)
(511.20697836738253,-238.9827981750745,333.5769478289974)
(512.1358519109168,-240.85833633938074,332.26086935477053)
(515.9872999172669,-233.29846370398192,328.3865602412705)
(518.3593442115684,-233.56773152524462,325.5038289897006)
(521.5295048819103,-229.9357338268282,322.5268261134984)
(523.8591139471137,-224.45469938209143,320.7854927691804)
(527.7807674483192,-222.20010455471473,316.683880650355)
(530.811714482977,-218.9347012356258,314.0105858627477)
(530.6351345319606,-215.58503731247444,304.53338506952923)
(533.8007890433046,-210.11306808914043,305.03076992828977)
(537.8802550635269,-205.69618910602352,300.7895750680399)
(541.973572394815,-201.8784598049177,293.4244063428005)
(544.2215226869981,-196.7751402927688,289.3688655080164)
(546.7002987510155,-193.33610271792068,283.5259648289946)
(549.3354057972688,-188.21779395955014,278.7453889014597)
(553.0541994993235,-182.348403424298,272.64450112481546)
(555.8562682864181,-179.04443392713856,267.73934603829645)
(560.7566195200379,-172.1779215212411,261.26382752456874)
(561.1739347738402,-168.3616021026376,253.8531704280608)
(567.0824799264302,-162.79455654436248,249.42472132979418)
(568.3189093273699,-156.22216888475737,241.73135672518833)
(571.5085433452379,-150.04468662680617,235.7361713122684)
(574.9380933209799,-144.8396349050549,228.44068681056808)
(576.6765903994285,-137.1691361482579,220.88962081401934)
(580.8010275278757,-131.446434957685,213.66060586335155)
(581.9549562618848,-125.16957250922651,205.4846985018791)
(585.458356626127,-119.4130872582655,198.3595548009023)
(588.7602591226388,-112.63331679286246,188.48392823185338)
(592.0723124634613,-105.17657441083651,179.2534489685898)
(592.028468234259,-97.8039405558439,170.08102849986122)
(596.3206784104551,-91.15696777726295,163.90911447371306)
(599.1290760977582,-75.14166064224126,147.43083198523485)
(599.9918279182514,-66.99919167381857,137.302479905224)
(602.6815048017459,-59.771590777775224,128.08714837045977)
(605.1754087713854,-51.27476227565483,121.36099658022312)
(602.5657001846221,-45.64658514665586,112.14452107018406)
(605.209670233661,-38.09695436656,99.52148692123177)
(608.6212905620839,-28.090813226145528,92.17124492220339)
(607.3012399305593,-21.031620915918506,81.75649849553545)
(607.0116710745631,-14.71466367699378,69.87530737818028)
(606.3820551604822,-6.886602444746762,61.9659583524135)
(605.2572604091621,4.2166495890813485,53.08414637695284)
(608.494771613321,10.741399424325559,41.73883453334565)
(605.8701619999393,21.30320146320971,33.32473207635302)
(604.9893832402595,26.900722047853996,23.530084063786322)
(604.0217540059173,37.58354943578903,14.195886114366322)
(602.6611594222186,47.16474897960149,6.077802006405653)
(602.0491215783144,53.65535123205316,-1.8476611171841029)
(601.5473839099952,62.921139722516685,-12.744149712972185)
(600.719148760178,74.5452349607883,-22.39065323092784)
(596.6966502367078,80.98387554244306,-33.42476340924872)
(595.1212801196822,90.38436444004874,-41.70689354456859)
(591.9994596162936,99.1999640883865,-51.796708223126664)
(589.2166384174857,106.85516232156829,-59.45649113623083)
(585.6564833147456,115.66749875266466,-70.74310603029608)
(585.5563829725105,123.740825037704,-76.66874827748636)
(579.8464764542133,133.08116412225016,-86.8133312392286)
(575.6390932561154,143.33467057101953,-93.66261884894828)
(574.8054399786934,148.9003478499632,-101.80128113199055)
(570.6081207240301,154.98882028423935,-112.05105054008807)
(565.1811856761633,163.3801310664157,-118.54528117416535)
(559.8038265519971,171.34703930572883,-126.23411995358802)
(555.4075776109341,180.8745946717286,-134.9259000803735)
(552.3918731114387,187.77160304775205,-140.81325797918083)
(547.7592456879466,193.8147037962049,-149.63924886832794)
(543.9487044843502,201.99649231963696,-155.43260685522563)
(537.4056904980495,207.58932025509876,-164.1389884735898)
(533.8621844602826,212.944357722334,-168.95763119894374)
(529.630329302232,223.02027484223774,-178.78173546829294)
(525.8886530311239,225.67554423136514,-180.62128996415092)
(521.898254603227,230.63789433069917,-188.83145736373052)
(517.9282658716548,233.74489597009887,-190.8684139222451)
(516.1431349812794,239.9202913387225,-198.96069188203478)
(508.8321334472219,244.01983437143954,-204.68159362559237)
(504.5464454077894,249.70717291521112,-208.1374162286482)
(503.55401465768,251.23885030650578,-214.92064161773845)
(497.82570634510097,256.7778045768896,-216.7859021379834)
(494.00972756564147,260.8217414683093,-222.26710588880638)
(492.04671388815757,263.6771903441608,-223.1191649875465)
(488.28566236288924,267.23034332966256,-229.05989101666475)
(484.880370898923,268.68272033081405,-232.04811981072012)
(482.35585664252613,272.00438352538157,-236.1210559811598)
(480.1802427322529,272.58051502276925,-237.9896629083041)
(478.98215735857303,274.8254857802996,-242.30215008641764)
(477.16551548756826,274.7102306542434,-243.05285916221547)
(473.5492177394399,275.9665804012276,-245.31412300187833)
(474.5147638765962,278.1173107120667,-245.71410548857938)
(473.9801187358255,278.2386949453475,-250.47840251963777)
(471.68597299944383,276.69693430873815,-250.2343933682294)
(469.9285901843248,276.88893029334696,-249.93090399798803)
(469.8302127482119,277.1561606669143,-252.21330991273297)
(469.74720021298975,277.1358145046376,-253.9249095899336)
(469.79169382772756,280.41886405999935,-255.24181211231738)
(468.48103949879265,277.53599941388757,-254.4967451685712)
(470.39787513790117,274.9188436711911,-256.8547621329015)
(470.57842073898985,274.554838247459,-254.4663686433034)
(471.7087003221734,273.92558724051213,-255.08049616895684)
(471.79799724135285,274.9944848503752,-258.2808009821875)
(472.2595777301148,270.7173061658501,-255.33194518865898)
(471.03099422986753,269.29911222877837,-254.8079433236301)
(473.90023964978025,271.07305574038617,-253.68839384016312)
(474.2610132008432,268.15088515498064,-254.6360600336458)
(476.1461063419257,268.4176414321353,-252.74130521707139)
(476.16858419527,266.3431505269504,-253.05789952507646)
(475.903290225034,266.23868531352645,-251.63376270593332)
(476.32444742749624,265.88378512691895,-250.7376651422334)
(480.01295011970615,265.9048738423241,-251.58569800597914)
(478.176344024681,264.1867716821735,-249.55000080517414)
(478.97951476902557,265.48359573095314,-250.38808971910007)
(479.06947413492617,263.7573580204146,-248.31796900167078)
(478.8278546587464,264.5377958344056,-246.0770009809363)
(478.3504367252312,264.2899106832617,-247.64910645986257)
(478.90234516139185,263.1156330875718,-246.47517531760593)
(478.34203543527326,265.0064676392052,-246.30317851167717)
