(420.4871147701683,281.44136169830693,-258.5000495863925)
(418.4858859558653,282.9913185423731,-257.8704829122679)
(418.6450552412011,283.50692222929376,-256.43520781706553)
(417.9692891450994,281.8441352601557,-256.2597787296178)
(418.8037042187905,281.4530395912666,-255.18874864108284)
(416.966009294001,283.8961856099668,-259.46245345863144)
(416.596450863832,283.1402990494743,-257.26758872720103)
(416.159078923063,282.54394941411175,-256.1893078833661)
(419.28515090482017,281.59560318846815,-256.88174294953166)
(417.5631355552447,282.46822404456617,-256.6572356550611)
(418.39285025768237,280.81770987125145,-256.55169743432623)
(418.70525846594853,282.83195217301824,-256.0907246607177)
(417.2854130695494,283.9439398875776,-257.2146544808193)
(417.3079239600159,282.0836846930182,-257.14069255871607)
(419.8762766516552,282.247667479978,-258.351924078161)
(417.0854409414944,282.6675083355655,-257.52832642942184)
(416.10262899941813,281.75921585132704,-257.5311717602714)
(418.73720583916634,281.9002504357131,-256.2305319834853)
(418.91068142125073,281.08401724342144,-253.9440833665008)
(419.369039182342,281.2107930150125,-256.5990374665333)
(416.98204402384437,282.85265042824415,-255.37802450689176)
(418.3862961988122,281.820367000872,-254.9532323511527)
(419.4970147255403,284.6135530460967,-255.45739030226403)
(418.2107559897601,283.20927951114396,-252.7420073718785)
(418.6087031478115,282.0266497797011,-250.55812396237295)
(421.02115793121874,280.46403589398057,-250.38885936367433)
(419.371261376251,280.44140777136045,-248.81930456197907)
(422.20209650353553,281.87032299734415,-247.93747919146676)
(423.18955732322394,279.07450767678057,-246.93327409896474)
(424.2030632566312,278.19645633839883,-241.41843914243836)
(425.926066607846,275.93360226581575,-240.5144001555609)
(429.3426133618331,275.4502183467246,-236.93878739498297)
(427.8197537825436,274.9645551355483,-235.07266534903576)
(429.8407020741694,275.026499626969,-231.51448771350528)
(434.61068338212266,273.37889819906235,-228.00416360931158)
(435.187507672207,272.10992736062866,-223.94656465604427)
(437.6810188399111,269.49867061487555,-221.66910247191913)
(438.82436894244324,270.53694833110933,-218.59473510205342)
(442.31913347357613,265.6554891574133,-212.7039235823631)
(443.52049871857497,266.6162106534358,-209.51522077039772)
(445.59166710481986,265.77544377089833,-207.1410871870105)
(448.26293307355905,260.2366526526388,-201.64215599834566)
(450.8697970712628,259.41361154639867,-198.88573209082412)
(453.455308886837,255.6210027474444,-192.26967765539803)
(457.4427815687226,253.15429261973938,-189.35009119914628)
(457.7789254662779,250.28161152903502,-183.16971087145205)
(461.8742581060511,245.71918412352457,-179.33573562834093)
(463.90403256289756,244.53430892702627,-172.74321587610538)
(465.54398287411766,240.68894183075304,-168.6697161636511)
(469.6840176830734,237.6169166479951,-164.6805710781047)
(472.5632975625908,232.78203460218,-158.10552188551958)
(476.4847236086159,229.3012853050516,-152.8476295917675)
(480.3284193284128,226.67829005006473,-147.64082888970265)
(484.48413198972065,221.84729572369935,-141.1545292457855)
(485.9815886436883,217.1626456360889,-135.36343079584177)
(490.34409687138486,211.4152788965415,-129.60451080845232)
(493.38620501596773,208.86614717516204,-120.65724729273137)
(499.85381579745444,202.30036920997006,-116.71391337508838)
(500.96595824453726,195.34828127497198,-112.56975767969936)
(502.5351654725944,192.51130595507743,-104.38618541545253)
(504.2072809064256,183.70372134964788,-97.79556380475584)
(512.2896843772332,173.63398238199886,-84.21662236291975)
(516.0004750675956,166.86554759793972,-78.11501399059613)
(520.3478449409822,161.60476314651376,-73.86098832545645)
(522.9940620257638,153.76518832642842,-62.97359140626923)
(524.2423934698611,146.36146210792393,-56.80250363162193)
(528.3135657329076,141.36069214032742,-50.796741996063766)
(532.4134321305268,133.57568638410334,-42.374798193337796)
(535.680656709824,126.58846274874756,-32.96389938523411)
(536.5082950428225,116.14764899594422,-24.321691753341405)
(537.7519288723585,108.24447786251969,-17.965102558968344)
(543.5407288297666,100.90693603700107,-9.569182505208845)
(543.2101857328397,94.04637138394145,-2.554037976362406)
(546.1976448483273,83.92615231878365,3.842506970766965)
(550.7197680181226,76.80429988426735,11.271990625504497)
(549.7032100003554,69.7223864097683,22.420902424104828)
(552.0754817242255,58.35468384416857,30.98046372848586)
(554.7923580607296,50.19739752609162,41.680221658373334)
(556.5233983197576,41.55489781906696,46.947747169414946)
(557.7042124240257,34.17220349324271,60.2670056227349)
(558.3219737618801,24.10926568054404,68.76453850274693)
(560.3496437245407,15.259739520071083,78.73445408225567)
(559.4876905470401,9.038075042748632,89.89633744434839)
(557.7815852121487,-1.2372127724735411,100.02427718799198)
(558.245097988527,-9.26076048962476,110.07996100393554)
(561.457966101952,-18.276577946954408,118.46215852545207)
(558.7175832115628,-25.46587505669233,130.961463425834)
(555.6536028139462,-34.629432336487056,142.16909578414948)
(556.8505208360232,-43.993948298357545,150.13832833319447)
(556.3341530144696,-49.227777508922124,162.06208283353305)
(554.0581118579531,-56.215989100749816,172.40038269239972)
(552.3443794448164,-67.21671462204809,183.16662721848388)
(551.2273733165728,-73.79897450898414,193.38966020921524)
(549.1316536630628,-81.82177727253922,202.8109573849593)
(544.1520831758861,-89.8127877184331,211.4857319884536)
(544.1843415876168,-95.86038531578417,222.46386606762513)
(540.5545152609151,-104.82977543890864,232.98545936015654)
(537.1717602036218,-109.0188076890614,240.16623427763884)
(537.6178535321939,-118.4549590929195,252.42360513884884)
(532.2835110074737,-126.16527677261419,262.2927765131548)
(530.4323265107519,-130.48845111432922,270.96305327992826)
(526.0470704059942,-136.65162992834243,278.15813912769045)
(521.5067414157531,-144.7552606942294,287.7944129138009)
(518.4051490836675,-149.7765930672481,296.81185643756737)
(517.0981473918256,-156.81099824420414,304.607479729741)
(512.0055487737667,-161.0406397024357,312.65274113693965)
(508.1805117902657,-167.95392611548257,322.6791022543814)
(504.408371528085,-174.0685635117626,331.42904321419684)
(498.7001966290885,-178.66716775628453,338.15659958584564)
(495.23838107282444,-183.6117928210855,344.4293744381987)
(490.7803292784579,-187.56763813109401,352.4346894939426)
(487.6809285665463,-194.57013848394058,358.1023109947089)
(485.3191021304831,-198.209619775127,366.120633650375)
(482.3419523738577,-204.1330530436428,372.3410859315266)
(476.39077230393633,-209.15369190241017,378.94824768085414)
(474.66871129738297,-212.46465869121664,385.8802253580211)
(469.0325516058087,-217.69259863449588,390.8723654382965)
(467.45543693876266,-222.30629899952683,396.38110724065933)
(461.75967423292633,-227.85026196811882,401.0814075758223)
(457.3223145369834,-230.81274310657977,406.935679635082)
(454.7618784867757,-235.11023058075727,410.24834253040774)
(451.4920499624224,-239.93036054508744,414.8458423782158)
(448.7816268226436,-241.2478265906564,419.5287218902174)
(444.4468593322412,-248.3306137572826,423.71402279973216)
(434.3640590652778,-256.88390658936777,429.9908057067994)
(433.8769584081287,-259.45759491757013,434.2201562119678)
(430.1749863570179,-262.13846623462325,437.25296720207)
(429.2340250099006,-264.3749567752887,440.3949474895996)
(424.8189926389934,-268.5807335676872,439.3050713782111)
(422.13194130569286,-271.9487294704365,441.6325429840291)
(421.86196604475765,-272.8666461927589,448.1365012155007)
(420.35010555531966,-277.7558231167478,445.50420488078106)
(417.11090349518776,-281.8929521106136,447.92717084804605)
(416.60736884452683,-284.17421359608016,448.80893588050816)
(412.82745259428447,-286.3874878428674,449.2170443432909)
(411.48919204624275,-286.52080949592727,450.43511712668794)
(410.71256587656734,-293.8048763083673,449.79124827099264)
(411.63910493232703,-293.6552850920582,449.02679378032747)
(406.69656634465406,-294.0287772871383,452.3258728609316)
(408.3295732516597,-299.15802983698194,451.41056590472726)
(408.6290622792977,-299.235059834695,450.95921942122715)
(407.478342090423,-300.8481386202764,452.11044906687744)
(405.61085466544847,-300.7855861637634,452.1458042253835)
(406.94530182781955,-304.2779406946084,453.07544877637304)
(405.7717016977426,-302.2703319547898,451.5322371094337)
(404.403232755378,-304.8755589814337,451.67386677202427)
(405.9442765018251,-304.92632054505566,452.57812938892937)
(407.2851899949067,-305.54476545824554,450.4399635776373)
(405.34245243048605,-304.68132558678093,451.3475117710938)
(406.87040422428146,-305.0246303679557,450.8984968694491)
(409.4655768045382,-304.99768666812065,450.1749803214164)
(409.9840295711415,-302.7971534605619,449.015561452464)
(409.4962712573541,-302.01620769110866,447.9921780046264)
(413.2710052996534,-301.87094441263275,448.19682649425795)
(413.1727552106806,-298.99610668758936,447.6318184557176)
(413.13056041866605,-296.99269249295963,444.9000013237426)
(414.8807258766615,-294.7426466377976,443.79768715410546)
(417.5599383835005,-292.44437624451643,443.3692584976274)
(418.9589140186198,-290.51538170652606,444.3904216828648)
(421.1508743214999,-287.30657851506373,440.8642708168816)
(425.1690808655983,-284.7956536177831,441.56931524886033)
(425.11100246657867,-283.24703497315613,440.43718225810693)
(429.3882313917366,-279.54896870032644,437.0572364660945)
(436.1698861882041,-271.74731333065426,432.7102351690911)
(440.261877243298,-270.5312642424475,426.8755975674514)
(443.19947565043384,-269.9090810419239,428.50010857189756)
(446.22226812650564,-262.9962129110436,424.7198567711164)
(449.12039359960073,-260.4710155550959,419.3064937818472)
(452.454558509482,-256.1492285755553,414.1231781215604)
(457.6733578272673,-254.1711080971309,414.0930128419221)
(462.7967240166163,-249.02460209364568,408.4422907190183)
(465.65209742901527,-244.604073464094,402.10441825823017)
(471.5530416059073,-242.25174780492222,398.67139131444225)
(472.66153246801963,-237.0446818873152,393.2631535517756)
(476.5220809181891,-232.3902481328166,386.89394419976946)
(482.2577512903805,-231.02044021036716,381.9736107157559)
(486.7634086382449,-222.7107463948213,374.6877929657791)
(490.5811542322591,-219.66501949072392,368.75321554443315)
(496.44227155918253,-215.39270050479064,363.5244325717151)
(499.8370838045627,-207.33862271575288,357.9863114794566)
(503.91824982665077,-207.05799314785315,350.3536060083705)
(508.43056309588957,-202.34839004641665,344.71303908592245)
(514.0294917671769,-196.27699376817515,336.91030833940147)
(518.8393302622485,-189.96419876436232,330.06344760686176)
(521.6303084596256,-183.72459629291356,320.812442498405)
(529.2869001117028,-180.80929782313734,313.61451177373164)
(529.9302629742862,-174.56650571471215,305.70769403865916)
(533.4932077477328,-168.08873719101592,297.3866699094352)
(541.1402233749318,-161.40472831038377,289.6520076834875)
(543.7523546987416,-155.96637340009076,279.18376877334833)
(546.3513240031463,-150.5330340046505,271.59026566901446)
(551.3587302428997,-146.1277850996772,264.55053651356735)
(555.7732485285316,-139.343313448373,255.2981202538446)
(557.5773177865916,-132.13382152747235,245.56595599457668)
(559.2524873380727,-124.59140369415528,236.35071013815)
(561.1458060963064,-117.57836600128313,226.13019934615605)
(565.5622694636618,-111.79498894243854,220.97113037596574)
(567.2289102269904,-106.04717636917704,209.1788058679999)
(570.3994645551252,-99.00514773979693,201.47394750273233)
(574.3850492412702,-90.14992164145785,191.00197968578232)
(574.964883318959,-82.37667029545315,179.82943688590308)
(577.5318327480103,-79.60706730057457,170.87355493118574)
(579.2550221979496,-70.73073881345977,159.47234242607655)
(579.7789330318955,-61.97968579494847,152.85619978053663)
(581.1422507917199,-54.72383716770731,141.33579830214782)
(584.8460897033476,-46.9550033997964,134.4081948261331)
(583.9896513610814,-41.20940081808638,121.38264340169161)
(583.7430210614807,-31.295567030131913,114.8090562958834)
(586.8518937830346,-24.500548456694393,105.11059929026878)
(584.8566194750837,-18.124139729579063,92.36824926999729)
(585.037544250049,-8.491185403409387,83.38988194240711)
(584.142104069043,-3.0613262766007128,75.71765716106376)
(584.9964598586539,5.5729829123053465,65.63768014231822)
(585.1375044858104,12.68869076905399,55.65282106122721)
(582.5261257085535,18.883964187278888,45.81487629813159)
(583.2577547882286,25.982038320987034,37.69221408940758)
(579.6208301368564,33.87868193186082,28.66573728081639)
(580.1200615956483,42.354085880741835,18.463436106182815)
(578.4213289121222,49.27974923067759,8.667098168660116)
(577.8371026069365,57.54468857923115,-1.070696045651804)
(573.5210243111625,64.99189886438056,-9.421824499533074)
(574.4767661647015,72.13848850773275,-20.115757387436037)
(569.1583577019591,80.64317293748924,-29.252087083032055)
(568.2932131527594,85.71526959098729,-36.02482887438362)
(564.9524691167345,93.52593799070128,-46.94459383269628)
(562.8722824027153,101.4860335566162,-52.73873187065582)
(556.658192185223,110.30463243970792,-62.37210431775948)
(554.0893090075301,114.35583455668755,-70.69715855914647)
(550.7287576465707,120.39025971886312,-80.59153511424023)
(546.5842932036172,128.40503057293304,-88.8064775284785)
(544.158766594641,135.62791065471578,-96.45692127809953)
(539.8541357208583,141.747071778591,-104.02146479914957)
(536.2578107766008,146.33332466802133,-112.64910563116538)
(533.2356217458527,151.06855250072408,-117.86759614710044)
(527.991349630404,159.2453303935273,-125.51958449988683)
(524.1941024256956,166.98828789223302,-133.1344522890165)
(519.0665646445286,171.52594560948748,-140.28213050346008)
(514.23740978835,177.21919738780628,-151.1073765689938)
(509.8765920635519,182.54740178928895,-154.8004987935972)
(505.49690033027434,187.00223914447784,-161.41299317207432)
(500.897827868914,190.77110142465764,-166.2342959210644)
(496.70990497147613,195.785785113275,-173.55774066171068)
(491.56972266614,201.08577758700773,-180.5490039283728)
(486.21335560268244,204.1730358782346,-186.78637710032933)
(480.8579618903307,208.39017460286763,-191.72532129054142)
(476.94160298023417,214.1592108124205,-198.29916995228356)
(476.62004501818495,219.04287579310517,-201.58735042940188)
(470.79453532650035,220.33767488325867,-206.2514890110389)
(467.1979780879661,220.99193358674663,-211.52828596062292)
(461.86886097351146,224.10233064205715,-216.94893322484265)
(458.0229524078481,226.33154396683204,-219.44662515970256)
(454.2986018121967,232.02801805447126,-225.00801076269585)
(452.6576958239761,233.38007815171198,-229.99690355839027)
(448.12226041249767,233.65677005220303,-234.02343182788135)
(443.02581969432924,236.3548291123825,-238.68312356077922)
(441.75944402391485,238.593976973956,-242.1751618490289)
(437.4250059708059,239.07455490065817,-243.17799614249614)
(433.6745075334652,240.47995894616753,-246.57697063985367)
(430.765821969327,244.1064415022191,-248.91912157521912)
(429.81671907640776,243.77743664562826,-253.32952470627512)
(424.2916373293764,243.5464036131782,-253.3363586602505)
(423.9670857407831,248.53737052038713,-257.50050824532894)
(418.64688469869907,248.43782535710636,-258.03159011763114)
(420.1787215661633,250.4445638158514,-262.0723464395792)
(415.46709687705106,249.38377767660987,-267.1511796240702)
(412.5137979929194,250.09153658201978,-264.07196625968703)
(414.29787150345925,252.87746298796782,-267.1331170334282)
(413.2392617047594,252.7929604659631,-269.4047236154381)
(408.2466327966407,252.5716478712771,-270.1560236556679)
(409.8391953968026,251.83998297165223,-269.39876826989723)
(406.3241881302087,253.42018782468818,-271.73472292584364)
(407.69818561695286,255.39227671948447,-275.2589312407709)
(406.6618525920364,253.09915397223708,-270.9223991818627)
(405.5176688971932,255.10129000601412,-272.7320283510337)
(404.32637128970055,255.47391495915934,-272.11524470713107)
(405.3659625482377,256.74572454287477,-273.1034650762659)
(405.6372130058968,255.8202728557209,-273.1544329938834)
(405.5599555881876,255.4530623405704,-271.9182514835239)
(405.29010845987943,256.1626648928153,-273.3603639655346)
(403.8381305004712,257.6372971971187,-272.20832467188853)
(404.02795822866835,254.2601745726638,-273.6691341223823)
(408.33108829422673,254.40349835228525,-271.8205724073735)
(407.25596758572885,252.64244951237865,-270.23862040032657)
(407.4822269076438,252.27096789831833,-271.14824434731605)
