(472,-175,-248)
(472,-175,-247)
(473,-175,-247)
(473,-175,-246)
(473,-175,-245)
(473,-175,-244)
(473,-175,-244)
(473,-175,-243)
(473,-175,-243)
(473,-175,-242)
(473,-175,-241)
(473,-175,-241)
(473,-175,-240)
(473,-175,-240)
(473,-175,-239)
(473,-175,-239)
(473,-175,-238)
(473,-175,-238)
(473,-175,-238)
(473,-175,-237)
(473,-175,-237)
(473,-175,-237)
(473,-175,-237)
(473,-175,-237)
(473,-175,-237)
(473,-175,-237)
(473,-175,-237)
(473,-175,-237)
(473,-175,-237)
(473,-175,-237)
(473,-175,-238)
(473,-175,-238)
(473,-175,-238)
(473,-175,-238)
(473,-175,-238)
(473,-175,-238)
(473,-175,-238)
(473,-175,-238)
(473,-175,-238)
(473,-175,-238)
(473,-175,-238)
(473,-175,-238)
(473,-175,-238)
(473,-175,-238)
(473,-175,-238)
(473,-175,-238)
(473,-175,-238)
(473,-175,-237)
(474,-175,-237)
(474,-175,-237)
(474,-174,-237)
(474,-174,-237)
(474,-173,-237)
(474,-173,-236)
(474,-172,-236)
(474,-172,-236)
(474,-171,-235)
(474,-171,-235)
(475,-170,-234)
(475,-169,-234)
(475,-169,-233)
(476,-168,-232)
(476,-167,-231)
(477,-166,-231)
(477,-166,-230)
(478,-165,-229)
(478,-163,-228)
(479,-162,-227)
(479,-161,-226)
(480,-160,-225)
(480,-159,-224)
(480,-157,-222)
(481,-156,-221)
(481,-154,-220)
(482,-153,-218)
(482,-151,-217)
(483,-149,-216)
(484,-148,-214)
(484,-146,-212)
(485,-144,-211)
(485,-142,-209)
(485,-140,-208)
(486,-138,-206)
(487,-136,-204)
(487,-134,-202)
(488,-132,-200)
(489,-130,-198)
(490,-127,-196)
(490,-125,-194)
(491,-123,-192)
(491,-121,-189)
(491,-118,-187)
(492,-116,-184)
(493,-114,-181)
(493,-111,-179)
(494,-109,-176)
(495,-106,-173)
(496,-104,-170)
(496,-101,-167)
(496,-99,-163)
(496,-96,-160)
(497,-93,-157)
(498,-90,-153)
(498,-88,-150)
(499,-85,-147)
(499,-82,-143)
(500,-79,-139)
(500,-73,-132)
(501,-70,-128)
(501,-67,-124)
(501,-63,-121)
(501,-60,-117)
(502,-57,-113)
(502,-54,-109)
(502,-50,-105)
(502,-47,-101)
(502,-43,-97)
(502,-40,-93)
(502,-36,-89)
(501,-33,-84)
(501,-29,-80)
(501,-26,-76)
(501,-22,-72)
(500,-18,-68)
(500,-14,-63)
(499,-11,-59)
(498,-7,-55)
(498,-3,-51)
(497,0,-46)
(496,4,-42)
(496,8,-38)
(495,12,-33)
(494,16,-29)
(493,20,-25)
(492,24,-21)
(491,28,-16)
(491,33,-12)
(489,37,-8)
(488,41,-4)
(487,45,0)
(485,50,4)
(484,54,8)
(483,58,12)
(481,63,16)
(480,67,21)
(478,71,25)
(476,76,29)
(474,80,33)
(473,85,37)
(471,89,41)
(469,93,46)
(467,98,50)
(464,102,54)
(463,106,59)
(460,110,63)
(458,115,67)
(455,119,72)
(452,123,76)
(450,127,80)
(447,131,85)
(445,135,89)
(442,139,93)
(440,143,97)
(436,147,101)
(434,151,106)
(431,155,110)
(428,159,114)
(425,163,118)
(421,166,122)
(418,170,126)
(415,173,130)
(412,177,134)
(409,180,138)
(405,184,141)
(402,187,145)
(398,190,149)
(394,194,152)
(391,197,156)
(387,200,159)
(384,203,163)
(381,205,166)
(377,208,169)
(374,211,172)
(371,213,175)
(367,216,178)
(364,218,181)
(360,221,184)
(357,223,187)
(354,225,190)
(350,228,192)
(348,230,195)
(344,232,197)
(341,234,200)
(338,235,202)
(335,237,204)
(332,239,206)
(329,241,208)
(326,242,210)
(323,244,212)
(321,246,214)
(318,247,215)
(315,249,217)
(312,250,218)
(308,252,221)
(305,254,222)
(304,255,223)
(302,256,224)
(299,257,225)
(298,258,226)
(297,259,226)
(295,260,227)
(294,260,227)
(294,261,227)
(293,262,228)
(292,263,228)
(291,263,228)
(291,264,228)
(290,264,228)
(290,265,228)
(290,265,228)
(290,265,228)
(290,266,228)
(290,266,228)
(290,266,228)
(290,266,228)
(290,266,228)
(290,266,228)
(291,265,227)
(291,265,227)
(292,265,227)
(292,265,227)
(293,265,227)
(294,264,227)
(294,264,227)
(295,263,227)
(296,263,227)
(297,262,227)
(299,262,227)
(299,261,227)
(301,260,227)
(302,260,226)
(304,259,226)
(305,258,226)
(306,257,226)
(308,257,226)
(310,256,225)
(312,255,225)
(314,254,225)
(316,253,224)
(318,252,224)
(320,251,224)
(322,249,223)
(325,248,223)
(327,247,222)
(330,245,221)
(332,244,220)
(335,243,220)
(338,241,219)
(341,240,218)
(343,238,217)
(346,236,216)
(349,234,214)
(353,233,213)
(356,231,212)
(359,229,210)
(363,226,209)
(365,225,207)
(369,223,205)
(372,220,203)
(376,218,200)
(380,216,198)
(384,213,195)
(387,210,193)
(391,208,191)
(394,205,188)
(398,203,185)
(402,200,183)
(405,197,180)
(409,194,176)
(413,191,173)
(416,188,170)
(420,185,166)
(424,182,163)
(427,179,159)
(431,176,155)
(435,173,152)
(438,169,148)
(442,166,144)
(445,162,140)
(448,159,135)
(452,155,131)
(455,152,127)
(458,148,122)
(461,144,118)
(464,140,113)
(467,136,109)
(470,132,104)
(473,128,99)
(476,124,94)
(479,120,90)
(481,116,85)
(484,112,80)
(486,108,75)
(489,103,69)
(491,99,64)
(493,95,59)
(496,91,54)
(497,86,49)
(500,82,43)
(502,78,38)
(503,73,33)
(505,69,27)
(507,64,21)
(508,60,16)
(510,55,10)
(512,51,5)
(513,47,0)
(514,42,-6)
(515,38,-11)
(516,33,-17)
(517,28,-23)
(518,24,-28)
(518,19,-34)
(519,14,-39)
(520,10,-45)
(520,5,-51)
(521,0,-56)
(521,-3,-62)
(521,-8,-67)
(522,-13,-73)
(522,-18,-78)
(522,-22,-83)
(521,-27,-89)
(521,-32,-94)
(521,-36,-99)
(520,-41,-104)
(520,-45,-109)
(519,-50,-114)
(519,-55,-119)
(518,-59,-124)
(518,-63,-129)
(517,-68,-133)
(516,-72,-138)
(515,-76,-143)
(514,-80,-147)
(513,-84,-151)
(513,-89,-155)
(512,-93,-160)
(510,-97,-164)
(509,-101,-168)
(508,-105,-171)
(507,-108,-175)
(506,-112,-178)
(505,-116,-181)
(504,-120,-184)
(502,-124,-186)
(502,-127,-189)
(501,-131,-191)
(499,-134,-193)
(498,-138,-195)
(497,-141,-197)
(496,-144,-198)
(495,-148,-199)
(494,-151,-200)
(493,-154,-201)
(492,-157,-202)
(491,-160,-202)
(491,-162,-202)
(491,-165,-202)
(490,-167,-202)
(488,-172,-202)
(488,-174,-202)
(487,-176,-202)
(487,-178,-202)
(486,-179,-201)
(486,-180,-201)
(485,-182,-201)
(485,-183,-201)
(485,-184,-201)
(485,-185,-201)
(485,-185,-200)
(485,-186,-200)
(485,-187,-200)
(484,-187,-200)
(484,-188,-200)
(484,-188,-200)
(484,-188,-200)
(484,-189,-200)
(484,-189,-200)
(484,-189,-200)
(484,-189,-200)
(484,-189,-200)
(484,-189,-200)
(484,-189,-200)
(484,-189,-200)
(484,-189,-200)
(484,-189,-200)
(484,-189,-200)
(484,-189,-200)
(484,-189,-200)
(484,-189,-200)
(484,-189,-200)
