(162,-579,-169)
(149,-581,-170)
(148,-585,-177)
(158,-574,-176)
(145,-581,-176)
(156,-588,-177)
(164,-576,-176)
(154,-583,-181)
(156,-584,-181)
(164,-583,-180)
(156,-584,-182)
(152,-581,-169)
(161,-581,-174)
(161,-580,-168)
(167,-576,-178)
(159,-579,-166)
(159,-583,-173)
(157,-588,-176)
(169,-586,-173)
(175,-579,-171)
(160,-584,-177)
(165,-578,-170)
(165,-583,-182)
(171,-578,-170)
(168,-582,-173)
(176,-573,-183)
(175,-581,-177)
(179,-574,-172)
(174,-584,-169)
(176,-565,-165)
(189,-570,-174)
(193,-567,-173)
(196,-569,-180)
(193,-561,-176)
(201,-574,-178)
(206,-559,-177)
(211,-555,-174)
(215,-563,-167)
(226,-566,-175)
(220,-553,-171)
(236,-550,-174)
(228,-545,-172)
(229,-549,-172)
(233,-545,-178)
(255,-551,-166)
(256,-535,-172)
(256,-535,-170)
(259,-533,-174)
(268,-527,-174)
(270,-534,-180)
(269,-521,-170)
(284,-515,-172)
(289,-512,-171)
(296,-501,-166)
(295,-502,-174)
(293,-490,-183)
(312,-496,-169)
(318,-488,-171)
(323,-483,-172)
(331,-493,-174)
(336,-468,-179)
(335,-465,-181)
(333,-456,-185)
(354,-463,-168)
(363,-448,-182)
(352,-441,-166)
(366,-440,-174)
(379,-432,-179)
(382,-412,-166)
(384,-413,-178)
(390,-408,-168)
(391,-404,-166)
(398,-382,-177)
(408,-377,-174)
(412,-352,-176)
(427,-367,-168)
(421,-349,-172)
(433,-336,-174)
(450,-334,-169)
(442,-322,-174)
(444,-308,-184)
(451,-299,-171)
(446,-293,-183)
(450,-282,-169)
(462,-278,-180)
(464,-264,-177)
(473,-258,-167)
(456,-249,-174)
(466,-242,-170)
(477,-223,-180)
(470,-217,-171)
(473,-216,-190)
(487,-196,-176)
(481,-185,-180)
(487,-186,-173)
(483,-162,-180)
(494,-152,-183)
(486,-150,-175)
(484,-125,-183)
(482,-134,-177)
(478,-130,-184)
(488,-101,-173)
(490,-96,-179)
(490,-81,-183)
(491,-82,-182)
(491,-63,-186)
(500,-58,-178)
(485,-47,-186)
(487,-34,-179)
(493,-31,-185)
(485,-22,-185)
(489,-10,-188)
(482,9,-190)
(488,4,-177)
(487,22,-180)
(486,22,-191)
(483,35,-184)
(466,47,-184)
(473,50,-189)
(472,73,-187)
(465,68,-185)
(466,80,-191)
(459,85,-191)
(454,101,-188)
(454,110,-191)
(448,115,-200)
(445,122,-198)
(438,134,-194)
(453,144,-198)
(428,145,-185)
(437,169,-196)
(427,166,-190)
(421,176,-197)
(419,176,-201)
(419,190,-196)
(408,195,-204)
(411,208,-198)
(395,200,-199)
(399,217,-200)
(386,218,-206)
(378,226,-207)
(382,224,-207)
(376,228,-195)
(371,234,-205)
(364,238,-200)
(362,240,-203)
(357,251,-197)
(354,252,-194)
(350,249,-197)
(336,255,-207)
(336,259,-208)
(334,259,-209)
(330,265,-201)
(333,254,-201)
(323,264,-209)
(332,278,-202)
(319,270,-209)
(312,270,-206)
(306,268,-208)
(315,277,-216)
(296,278,-212)
(295,281,-214)
(295,277,-219)
(289,280,-213)
(289,291,-207)
(278,279,-205)
(275,283,-215)
(273,288,-217)
(267,291,-226)
(260,296,-218)
(255,285,-214)
(245,282,-215)
(244,291,-215)
(249,300,-205)
(253,292,-218)
(250,294,-215)
(240,287,-210)
(238,308,-218)
(246,291,-205)
(236,296,-209)
(235,288,-215)
(229,285,-209)
(237,288,-208)
(236,278,-222)
(235,295,-214)
(240,294,-223)
(243,288,-221)
(238,295,-217)
(236,285,-216)
(241,284,-223)
(247,283,-211)
(254,283,-221)
(257,268,-221)
(251,280,-206)
(254,279,-216)
(251,266,-210)
(266,275,-216)
(257,263,-208)
(264,268,-211)
(269,269,-216)
(273,257,-221)
(280,266,-207)
(277,247,-204)
(283,267,-208)
(296,253,-211)
(292,243,-208)
(307,245,-202)
(303,248,-204)
(310,237,-211)
(310,235,-202)
(316,228,-209)
(325,225,-205)
(331,221,-196)
(337,217,-208)
(339,219,-195)
(343,209,-196)
(347,199,-189)
(355,201,-205)
(361,187,-195)
(370,175,-198)
(375,176,-196)
(382,167,-194)
(383,161,-190)
(393,159,-188)
(392,153,-196)
(402,147,-192)
(410,137,-189)
(402,129,-181)
(411,119,-182)
(415,115,-190)
(425,103,-192)
(431,91,-181)
(444,82,-180)
(443,74,-179)
(444,54,-179)
(457,45,-184)
(447,42,-180)
(443,28,-169)
(462,20,-173)
(467,1,-178)
(461,-12,-174)
(478,-26,-169)
(462,-44,-168)
(471,-50,-174)
(465,-51,-172)
(474,-80,-168)
(477,-82,-174)
(471,-84,-165)
(488,-103,-168)
(489,-110,-156)
(479,-128,-157)
(475,-141,-160)
(475,-142,-151)
(484,-157,-161)
(481,-145,-150)
(478,-177,-166)
(476,-175,-158)
(481,-190,-150)
(476,-205,-159)
(470,-215,-154)
(470,-219,-160)
(469,-222,-154)
(477,-237,-159)
(457,-245,-151)
(467,-244,-146)
(461,-260,-145)
(465,-270,-151)
(467,-283,-157)
(448,-274,-161)
(456,-293,-151)
(447,-303,-150)
(451,-301,-150)
(457,-324,-156)
(442,-334,-162)
(450,-340,-152)
(440,-340,-145)
(432,-343,-154)
(432,-351,-150)
(429,-356,-143)
(426,-364,-144)
(422,-371,-143)
(409,-378,-147)
(418,-388,-152)
(420,-395,-150)
(398,-399,-141)
(412,-407,-146)
(398,-407,-149)
(386,-417,-150)
(389,-420,-153)
(380,-429,-145)
(381,-427,-145)
(379,-438,-148)
(369,-442,-151)
(365,-450,-146)
(361,-456,-152)
(362,-453,-146)
(358,-470,-150)
(357,-470,-160)
(337,-468,-152)
(340,-476,-149)
(342,-475,-155)
(337,-470,-141)
(330,-476,-154)
(334,-480,-141)
(341,-478,-137)
(340,-477,-141)
(335,-485,-150)
(328,-487,-146)
(324,-479,-144)
(335,-489,-158)
(328,-485,-150)
(317,-486,-146)
(330,-490,-158)
(320,-488,-154)
(327,-486,-154)
(312,-493,-150)
(320,-496,-167)
(322,-491,-157)
(315,-500,-160)
(311,-488,-164)
(314,-502,-163)
(313,-496,-163)
(307,-500,-167)
(320,-509,-162)
(314,-505,-161)
(303,-504,-155)
(303,-502,-160)
(300,-514,-162)
(295,-514,-152)
(298,-514,-162)
(289,-519,-162)
(291,-516,-168)
(278,-518,-165)
(274,-519,-168)
(279,-518,-166)
(275,-531,-173)
(264,-528,-166)
(271,-530,-179)
(257,-534,-165)
(258,-530,-173)
(260,-541,-179)
(264,-537,-165)
(256,-538,-176)
(238,-539,-172)
(236,-540,-174)
(246,-538,-177)
(249,-541,-177)
(241,-543,-166)
(235,-546,-165)
(235,-546,-175)
(229,-549,-170)
(224,-546,-177)
(232,-559,-177)
(232,-552,-185)
(232,-562,-164)
(230,-565,-173)
(232,-557,-172)
(222,-554,-176)
(221,-545,-166)
(221,-559,-169)
(215,-559,-180)
(214,-557,-179)
(211,-559,-170)
(208,-561,-170)
(224,-563,-175)
(211,-559,-175)
(211,-562,-179)
(207,-570,-176)
(209,-566,-169)
(215,-566,-178)
(206,-559,-161)
(203,-561,-173)
(207,-563,-171)
(203,-568,-180)
(208,-571,-182)
(202,-568,-180)
(207,-562,-174)
(201,-571,-176)
(200,-567,-171)
(204,-566,-178)
(207,-566,-165)
(205,-573,-181)
(195,-568,-165)
(195,-569,-180)
(201,-559,-182)
(195,-567,-175)
(203,-560,-174)
(206,-564,-181)
(210,-561,-174)
(205,-568,-170)
(196,-565,-174)
(208,-556,-174)
(201,-562,-169)
(210,-556,-177)
(195,-563,-174)
(214,-555,-170)
(209,-563,-182)
(204,-568,-173)
