(215,-569,-181)
(201,-559,-186)
(198,-563,-179)
(202,-562,-176)
(207,-568,-181)
(200,-563,-177)
(204,-568,-166)
(205,-566,-175)
(205,-568,-175)
(196,-569,-170)
(197,-564,-172)
(201,-566,-174)
(201,-568,-173)
(204,-570,-171)
(201,-556,-177)
(217,-558,-169)
(205,-564,-175)
(211,-561,-174)
(192,-569,-181)
(208,-560,-179)
(209,-563,-175)
(214,-555,-173)
(214,-560,-178)
(212,-551,-166)
(216,-559,-182)
(221,-543,-184)
(224,-554,-181)
(217,-542,-176)
(222,-553,-173)
(231,-545,-177)
(236,-538,-175)
(242,-542,-176)
(240,-543,-175)
(248,-548,-174)
(251,-539,-173)
(250,-535,-166)
(262,-533,-178)
(261,-532,-177)
(261,-526,-169)
(272,-520,-166)
(277,-521,-169)
(280,-519,-177)
(283,-506,-170)
(289,-514,-170)
(287,-511,-185)
(296,-520,-171)
(306,-495,-168)
(309,-496,-183)
(316,-484,-167)
(318,-483,-172)
(334,-471,-173)
(329,-463,-187)
(348,-464,-175)
(350,-458,-175)
(358,-443,-171)
(364,-442,-171)
(364,-435,-170)
(375,-429,-176)
(379,-422,-174)
(379,-412,-165)
(395,-404,-173)
(391,-398,-171)
(397,-386,-182)
(402,-373,-179)
(406,-372,-172)
(417,-362,-176)
(432,-355,-173)
(434,-342,-179)
(430,-326,-180)
(436,-325,-183)
(431,-313,-178)
(443,-299,-182)
(446,-297,-179)
(450,-280,-181)
(459,-266,-167)
(469,-266,-177)
(474,-252,-179)
(464,-243,-184)
(467,-232,-178)
(476,-218,-173)
(480,-208,-174)
(476,-201,-174)
(477,-192,-184)
(491,-189,-177)
(495,-169,-172)
(480,-155,-175)
(491,-151,-175)
(491,-135,-178)
(492,-122,-182)
(486,-109,-181)
(491,-100,-189)
(485,-90,-173)
(492,-79,-179)
(494,-65,-189)
(496,-62,-190)
(494,-51,-180)
(496,-28,-183)
(490,-14,-185)
(493,-7,-184)
(494,-6,-183)
(490,-1,-187)
(487,18,-181)
(483,23,-189)
(488,34,-181)
(472,48,-185)
(473,52,-186)
(464,69,-184)
(470,85,-182)
(470,91,-183)
(456,96,-194)
(451,111,-185)
(465,128,-203)
(456,129,-190)
(459,134,-191)
(457,143,-186)
(446,151,-183)
(443,155,-197)
(439,169,-190)
(422,176,-190)
(413,197,-191)
(425,196,-193)
(403,207,-195)
(418,208,-195)
(407,210,-196)
(414,222,-192)
(400,227,-188)
(389,236,-190)
(389,245,-205)
(377,244,-201)
(385,247,-194)
(367,256,-199)
(374,254,-201)
(370,257,-200)
(360,254,-190)
(349,270,-198)
(369,274,-210)
(337,283,-201)
(341,269,-201)
(349,283,-207)
(340,280,-192)
(337,284,-203)
(326,293,-201)
(323,291,-209)
(322,285,-203)
(321,300,-204)
(317,292,-194)
(319,298,-212)
(316,307,-201)
(303,303,-208)
(307,298,-202)
(299,294,-207)
(296,301,-201)
(296,303,-208)
(296,302,-209)
(293,300,-205)
(282,301,-209)
(291,295,-214)
(296,318,-212)
(287,313,-216)
(274,298,-213)
(280,313,-208)
(278,305,-206)
(272,310,-217)
(275,307,-204)
(269,303,-212)
(276,303,-213)
(257,308,-223)
(261,317,-214)
(266,309,-207)
(262,307,-207)
(263,303,-220)
(265,301,-215)
(251,314,-211)
(261,314,-209)
(254,310,-215)
(259,304,-210)
(251,307,-219)
(256,306,-209)
(250,310,-217)
(259,309,-211)
(263,307,-210)
(265,296,-221)
(264,313,-211)
(262,311,-213)
(263,297,-210)
(261,309,-214)
(263,301,-220)
(259,300,-218)
(263,287,-217)
(270,293,-216)
(264,300,-207)
(265,296,-217)
(269,291,-223)
(284,291,-211)
(279,288,-207)
(278,287,-212)
(297,282,-204)
(290,291,-216)
(301,277,-207)
(306,274,-209)
(310,271,-224)
(301,270,-207)
(303,273,-204)
(313,268,-206)
(316,268,-206)
(323,260,-203)
(330,267,-205)
(328,260,-197)
(328,253,-202)
(346,252,-214)
(359,236,-205)
(354,240,-202)
(358,231,-202)
(361,225,-201)
(364,224,-210)
(375,215,-198)
(366,209,-202)
(377,207,-204)
(389,205,-196)
(394,201,-201)
(394,188,-204)
(398,179,-202)
(410,179,-198)
(412,176,-195)
(414,168,-193)
(413,167,-199)
(411,149,-209)
(427,145,-196)
(426,146,-189)
(440,140,-195)
(435,125,-188)
(441,123,-198)
(447,108,-196)
(446,103,-194)
(455,97,-193)
(453,87,-199)
(451,81,-192)
(467,63,-189)
(469,67,-192)
(459,58,-184)
(463,52,-189)
(475,35,-180)
(474,38,-184)
(481,23,-194)
(482,12,-193)
(478,7,-184)
(488,-8,-183)
(491,-19,-189)
(487,-25,-189)
(486,-34,-186)
(497,-49,-190)
(493,-58,-179)
(489,-68,-177)
(483,-78,-171)
(486,-70,-183)
(491,-78,-184)
(494,-98,-180)
(494,-100,-179)
(492,-112,-186)
(500,-116,-181)
(496,-132,-185)
(493,-155,-186)
(503,-145,-180)
(483,-150,-176)
(494,-158,-179)
(498,-175,-181)
(483,-180,-186)
(487,-185,-189)
(478,-196,-181)
(478,-203,-173)
(477,-203,-175)
(486,-217,-171)
(485,-212,-181)
(479,-233,-176)
(475,-238,-184)
(475,-239,-179)
(477,-242,-179)
(480,-254,-171)
(468,-261,-175)
(467,-273,-184)
(461,-269,-182)
(460,-270,-176)
(455,-285,-175)
(462,-298,-176)
(457,-295,-176)
(450,-311,-174)
(453,-312,-175)
(441,-326,-172)
(441,-333,-175)
(440,-328,-172)
(446,-341,-183)
(434,-345,-167)
(430,-357,-176)
(427,-357,-171)
(420,-357,-185)
(422,-378,-171)
(408,-379,-169)
(410,-379,-182)
(404,-381,-182)
(411,-390,-167)
(407,-403,-177)
(394,-408,-173)
(395,-408,-176)
(394,-406,-178)
(396,-419,-179)
(388,-424,-173)
(381,-413,-183)
(377,-423,-167)
(380,-426,-174)
(380,-421,-168)
(367,-430,-170)
(379,-423,-177)
(378,-427,-174)
(374,-425,-173)
(382,-432,-179)
(362,-431,-171)
(372,-434,-168)
(366,-441,-178)
(367,-445,-172)
(378,-431,-181)
(363,-443,-182)
(365,-449,-174)
(361,-448,-177)
(356,-449,-175)
(343,-457,-177)
(360,-447,-175)
(346,-445,-180)
(348,-451,-171)
(357,-455,-176)
(345,-460,-179)
(357,-469,-175)
(343,-463,-172)
(345,-469,-178)
(331,-472,-178)
(334,-468,-165)
(331,-469,-181)
(333,-481,-175)
(330,-478,-180)
(329,-473,-169)
(319,-487,-164)
(325,-484,-171)
(307,-491,-165)
(318,-492,-179)
(315,-498,-177)
(309,-499,-169)
(304,-492,-165)
(298,-508,-176)
(300,-504,-170)
(294,-503,-177)
(289,-512,-186)
(289,-511,-165)
(297,-514,-179)
(283,-513,-176)
(277,-517,-176)
(276,-515,-175)
(280,-518,-173)
(275,-524,-176)
(270,-518,-173)
(265,-522,-179)
(262,-522,-165)
(276,-534,-180)
(259,-531,-175)
(254,-537,-169)
(254,-532,-175)
(268,-532,-178)
(256,-542,-183)
(244,-540,-171)
(249,-536,-179)
(248,-540,-180)
(248,-537,-171)
(242,-558,-174)
(235,-549,-182)
(242,-541,-183)
(239,-549,-176)
(234,-543,-181)
(232,-549,-174)
(232,-544,-173)
(228,-550,-181)
(229,-555,-179)
(241,-555,-171)
(235,-554,-173)
(230,-543,-178)
(225,-551,-177)
(227,-554,-175)
(225,-554,-181)
(224,-548,-174)
(224,-557,-184)
(225,-555,-181)
(222,-559,-166)
(220,-551,-181)
(226,-548,-173)
(227,-545,-171)
(231,-557,-178)
(228,-553,-166)
(230,-552,-174)
(227,-549,-174)
(226,-545,-176)
(228,-554,-176)
(234,-542,-172)
(222,-557,-174)
(226,-553,-180)
(227,-552,-173)
(220,-557,-180)
(219,-555,-190)
(231,-550,-168)
(233,-547,-180)
(221,-557,-176)
(218,-554,-179)
(229,-542,-182)
(234,-551,-161)
(222,-554,-166)
