(93,-623,-181)
(86,-631,-183)
(85,-631,-190)
(81,-630,-188)
(78,-638,-178)
(89,-637,-186)
(89,-620,-184)
(85,-634,-183)
(84,-621,-182)
(88,-627,-191)
(76,-634,-179)
(83,-636,-186)
(92,-628,-182)
(81,-631,-190)
(78,-643,-177)
(84,-638,-189)
(88,-635,-171)
(81,-626,-182)
(93,-637,-183)
(73,-640,-173)
(87,-634,-174)
(94,-637,-173)
(82,-626,-172)
(84,-645,-181)
(80,-633,-170)
(84,-630,-170)
(82,-638,-167)
(83,-636,-160)
(83,-642,-164)
(85,-644,-155)
(82,-633,-146)
(85,-639,-159)
(83,-636,-157)
(81,-644,-157)
(80,-638,-144)
(82,-631,-147)
(83,-636,-151)
(87,-644,-153)
(81,-637,-150)
(81,-638,-153)
(84,-638,-148)
(82,-636,-165)
(85,-631,-156)
(91,-646,-144)
(87,-644,-151)
(86,-640,-151)
(86,-646,-151)
(79,-641,-153)
(77,-641,-155)
(84,-633,-151)
(88,-641,-150)
(87,-636,-151)
(96,-635,-146)
(91,-634,-145)
(87,-641,-142)
(97,-646,-144)
(99,-637,-139)
(106,-634,-149)
(105,-638,-138)
(109,-644,-146)
(106,-640,-145)
(107,-638,-142)
(118,-629,-139)
(117,-633,-140)
(121,-634,-145)
(125,-630,-139)
(135,-626,-141)
(142,-623,-153)
(138,-641,-141)
(155,-628,-143)
(149,-631,-145)
(153,-620,-137)
(162,-617,-143)
(177,-622,-143)
(174,-608,-139)
(180,-608,-142)
(186,-621,-145)
(202,-610,-144)
(195,-605,-142)
(204,-602,-148)
(211,-605,-150)
(221,-602,-143)
(218,-589,-156)
(227,-591,-139)
(235,-578,-138)
(253,-583,-144)
(258,-578,-147)
(259,-576,-145)
(266,-567,-145)
(264,-567,-139)
(283,-557,-145)
(292,-543,-147)
(296,-557,-142)
(308,-549,-147)
(317,-547,-140)
(315,-541,-145)
(321,-531,-133)
(336,-514,-141)
(343,-526,-147)
(335,-515,-157)
(365,-511,-139)
(357,-498,-152)
(354,-502,-140)
(376,-485,-150)
(379,-478,-147)
(388,-466,-139)
(389,-461,-147)
(390,-457,-145)
(414,-453,-142)
(414,-439,-137)
(411,-422,-148)
(430,-424,-141)
(431,-414,-150)
(433,-414,-152)
(440,-403,-138)
(445,-389,-155)
(455,-386,-145)
(460,-366,-146)
(468,-367,-152)
(472,-345,-140)
(471,-337,-140)
(480,-328,-137)
(486,-316,-145)
(495,-303,-150)
(498,-292,-150)
(499,-284,-143)
(494,-279,-142)
(511,-274,-146)
(496,-263,-154)
(512,-248,-147)
(514,-252,-142)
(517,-235,-144)
(525,-215,-144)
(522,-201,-141)
(532,-206,-137)
(527,-196,-145)
(537,-180,-144)
(533,-171,-143)
(535,-156,-154)
(538,-162,-152)
(552,-145,-143)
(550,-133,-146)
(549,-127,-154)
(548,-112,-147)
(554,-113,-147)
(553,-103,-138)
(551,-84,-150)
(556,-77,-146)
(553,-64,-143)
(554,-50,-141)
(554,-36,-143)
(558,-43,-158)
(554,-28,-141)
(555,-13,-143)
(560,-13,-141)
(553,0,-139)
(554,3,-139)
(548,24,-152)
(555,26,-140)
(562,41,-155)
(556,40,-143)
(552,59,-147)
(549,58,-144)
(556,63,-146)
(550,69,-152)
(551,83,-149)
(550,86,-148)
(551,96,-146)
(550,101,-141)
(560,104,-138)
(555,111,-142)
(544,121,-145)
(553,132,-147)
(544,127,-156)
(544,135,-141)
(549,137,-148)
(546,152,-139)
(552,152,-147)
(541,146,-148)
(537,156,-150)
(541,157,-140)
(554,156,-139)
(542,158,-137)
(539,163,-143)
(543,153,-153)
(535,137,-150)
(540,143,-140)
(551,148,-145)
(543,132,-148)
(547,134,-147)
(542,119,-149)
(551,123,-144)
(551,114,-144)
(538,104,-151)
(557,105,-139)
(547,102,-137)
(551,95,-144)
(552,90,-147)
(556,80,-144)
(551,90,-150)
(561,75,-146)
(553,75,-153)
(549,78,-146)
(554,72,-138)
(558,64,-145)
(553,63,-152)
(563,52,-146)
(551,51,-142)
(560,42,-139)
(560,50,-142)
(556,31,-145)
(565,35,-149)
(555,26,-145)
(552,21,-143)
(559,6,-143)
(560,0,-157)
(556,-5,-146)
(557,-21,-145)
(557,-21,-149)
(567,-23,-146)
(563,-28,-136)
(559,-37,-145)
(559,-45,-137)
(563,-44,-143)
(568,-60,-141)
(562,-62,-143)
(554,-77,-138)
(550,-82,-141)
(544,-101,-140)
(548,-108,-149)
(553,-120,-142)
(546,-120,-147)
(540,-131,-149)
(551,-135,-143)
(549,-147,-147)
(540,-165,-143)
(538,-160,-144)
(540,-174,-142)
(537,-180,-139)
(532,-192,-148)
(524,-198,-152)
(524,-211,-146)
(520,-216,-140)
(527,-232,-142)
(517,-238,-137)
(511,-251,-148)
(504,-253,-150)
(523,-270,-144)
(508,-268,-154)
(501,-281,-141)
(501,-292,-150)
(500,-304,-147)
(498,-302,-139)
(496,-316,-143)
(487,-324,-152)
(480,-325,-154)
(472,-342,-144)
(480,-342,-144)
(470,-350,-144)
(467,-363,-143)
(462,-361,-147)
(464,-373,-140)
(451,-380,-157)
(450,-390,-151)
(449,-388,-146)
(444,-401,-149)
(437,-406,-158)
(432,-413,-150)
(426,-420,-142)
(423,-426,-145)
(407,-429,-148)
(405,-450,-149)
(406,-449,-151)
(401,-449,-148)
(399,-453,-162)
(393,-470,-158)
(384,-469,-149)
(376,-476,-150)
(374,-484,-159)
(372,-490,-153)
(360,-491,-160)
(355,-493,-156)
(355,-493,-161)
(345,-507,-158)
(342,-508,-163)
(331,-523,-152)
(325,-510,-158)
(329,-524,-156)
(326,-527,-151)
(329,-521,-158)
(309,-535,-162)
(297,-549,-163)
(303,-550,-151)
(294,-546,-161)
(301,-537,-152)
(295,-558,-158)
(280,-557,-156)
(285,-551,-158)
(273,-569,-159)
(265,-563,-148)
(262,-564,-159)
(263,-570,-154)
(258,-575,-157)
(260,-581,-158)
(242,-578,-164)
(247,-584,-158)
(226,-587,-154)
(234,-591,-152)
(228,-594,-161)
(224,-599,-164)
(218,-599,-160)
(210,-591,-152)
(205,-600,-157)
(201,-605,-163)
(203,-599,-158)
(205,-599,-155)
(193,-598,-156)
(187,-612,-149)
(189,-611,-152)
(171,-611,-157)
(192,-616,-156)
(181,-619,-158)
(169,-608,-162)
(181,-617,-157)
(171,-617,-150)
(147,-610,-152)
(153,-625,-163)
(163,-619,-150)
(162,-625,-157)
(150,-627,-150)
(149,-610,-158)
(147,-627,-156)
(152,-625,-157)
(146,-617,-165)
(148,-631,-156)
(136,-639,-159)
(140,-628,-163)
(140,-632,-142)
(141,-634,-146)
(126,-624,-156)
(129,-631,-158)
(128,-623,-156)
(124,-623,-160)
(135,-639,-153)
(129,-638,-157)
(124,-621,-153)
(129,-633,-153)
(134,-627,-154)
(129,-629,-152)
(125,-642,-157)
(122,-631,-162)
