(31,-617,-160)
(26,-622,-160)
(32,-622,-160)
(33,-623,-158)
(35,-617,-162)
(42,-624,-150)
(33,-627,-162)
(40,-618,-167)
(36,-608,-161)
(46,-611,-158)
(32,-620,-161)
(40,-617,-158)
(43,-619,-159)
(38,-626,-161)
(36,-619,-159)
(40,-614,-159)
(39,-613,-158)
(27,-625,-150)
(38,-614,-154)
(44,-617,-167)
(41,-619,-155)
(43,-619,-154)
(44,-624,-150)
(41,-616,-154)
(49,-621,-153)
(52,-614,-153)
(49,-616,-161)
(48,-614,-158)
(52,-620,-154)
(67,-618,-162)
(59,-617,-154)
(62,-617,-150)
(65,-618,-152)
(67,-617,-155)
(74,-619,-158)
(66,-609,-167)
(73,-619,-159)
(72,-611,-159)
(76,-613,-151)
(83,-616,-164)
(89,-621,-152)
(88,-613,-159)
(93,-613,-152)
(92,-620,-149)
(106,-603,-147)
(96,-609,-158)
(100,-609,-155)
(104,-615,-162)
(107,-614,-155)
(121,-605,-163)
(121,-609,-157)
(123,-604,-166)
(129,-593,-149)
(141,-599,-160)
(145,-601,-154)
(139,-594,-166)
(146,-599,-161)
(148,-596,-145)
(159,-596,-153)
(161,-588,-152)
(174,-594,-149)
(173,-587,-157)
(181,-585,-161)
(184,-592,-153)
(196,-586,-146)
(198,-583,-166)
(196,-587,-159)
(209,-575,-156)
(212,-572,-151)
(222,-568,-148)
(218,-559,-156)
(226,-562,-162)
(239,-564,-163)
(236,-546,-154)
(245,-554,-164)
(245,-555,-158)
(262,-550,-157)
(257,-529,-157)
(254,-541,-158)
(270,-540,-153)
(271,-541,-157)
(277,-522,-155)
(275,-522,-167)
(286,-526,-153)
(296,-516,-167)
(309,-513,-156)
(311,-503,-153)
(305,-506,-162)
(312,-497,-163)
(321,-493,-154)
(327,-484,-153)
(329,-492,-158)
(338,-475,-154)
(336,-469,-149)
(336,-470,-165)
(339,-463,-171)
(342,-459,-168)
(352,-449,-149)
(361,-450,-158)
(368,-436,-165)
(370,-434,-158)
(367,-433,-159)
(367,-422,-169)
(384,-421,-154)
(388,-418,-156)
(393,-406,-161)
(387,-405,-159)
(405,-388,-171)
(405,-379,-163)
(411,-381,-163)
(407,-362,-158)
(414,-367,-164)
(411,-356,-164)
(417,-367,-161)
(416,-353,-161)
(426,-336,-164)
(430,-345,-160)
(426,-320,-162)
(435,-317,-168)
(435,-310,-169)
(436,-305,-167)
(432,-296,-170)
(452,-295,-168)
(453,-290,-170)
(439,-279,-169)
(450,-276,-175)
(448,-276,-169)
(454,-264,-156)
(455,-256,-168)
(467,-248,-172)
(464,-252,-161)
(454,-231,-166)
(461,-226,-166)
(469,-211,-167)
(464,-215,-164)
(462,-205,-161)
(461,-198,-163)
(468,-195,-155)
(463,-189,-168)
(468,-185,-165)
(472,-169,-167)
(472,-166,-170)
(474,-166,-159)
(461,-146,-171)
(475,-139,-170)
(468,-130,-166)
(472,-137,-174)
(464,-123,-169)
(467,-106,-170)
(469,-104,-174)
(469,-100,-167)
(481,-94,-173)
(464,-94,-167)
(464,-75,-171)
(463,-73,-185)
(474,-63,-174)
(465,-60,-183)
(479,-44,-175)
(461,-43,-186)
(469,-40,-178)
(464,-30,-176)
(460,-25,-185)
(463,-16,-173)
(464,-2,-175)
(468,-7,-183)
(470,-7,-171)
(461,6,-183)
(449,10,-173)
(456,22,-184)
(449,19,-172)
(449,20,-187)
(448,29,-186)
(443,40,-180)
(445,37,-181)
(441,47,-178)
(441,50,-183)
(438,56,-180)
(430,62,-188)
(423,81,-184)
(430,68,-185)
(422,77,-188)
(423,82,-182)
(422,88,-185)
(414,87,-186)
(418,88,-182)
(407,104,-195)
(415,104,-193)
(406,110,-193)
(406,123,-189)
(400,112,-181)
(405,117,-185)
(400,133,-186)
(401,136,-191)
(384,133,-187)
(393,136,-191)
(384,151,-191)
(385,148,-191)
(388,157,-190)
(383,152,-200)
(375,153,-193)
(369,145,-192)
(360,160,-196)
(367,169,-205)
(361,166,-192)
(359,165,-198)
(359,173,-189)
(354,180,-199)
(347,180,-194)
(353,181,-198)
(343,179,-194)
(344,188,-196)
(335,179,-200)
(335,205,-196)
(333,188,-202)
(322,195,-203)
(335,189,-197)
(312,191,-202)
(324,213,-199)
(322,195,-204)
(313,199,-205)
(310,200,-198)
(311,203,-198)
(315,202,-188)
(303,205,-193)
(301,208,-195)
(299,208,-209)
(293,214,-202)
(284,209,-205)
(292,214,-201)
(292,208,-206)
(279,211,-206)
(281,205,-209)
(281,215,-202)
(272,213,-207)
(262,222,-205)
(275,226,-207)
(257,215,-207)
(259,218,-210)
(259,217,-209)
(267,223,-200)
(258,221,-206)
(255,228,-209)
(256,223,-199)
(253,225,-201)
(243,222,-212)
(248,225,-208)
(241,234,-202)
(240,231,-196)
(238,227,-213)
(245,230,-218)
(231,226,-210)
(235,226,-205)
(222,229,-215)
(231,218,-215)
(215,235,-208)
(224,229,-209)
(211,229,-217)
(223,223,-215)
(216,227,-208)
(209,229,-210)
(212,236,-213)
(210,229,-209)
(212,226,-211)
(211,222,-216)
(200,228,-215)
(208,233,-213)
(203,226,-217)
(202,230,-218)
(199,226,-209)
(201,230,-215)
(202,231,-217)
(205,231,-206)
(200,227,-210)
(205,237,-211)
(197,229,-218)
(199,231,-218)
(191,229,-213)
(202,224,-218)
(200,229,-217)
(186,233,-217)
(201,224,-206)
(199,232,-207)
(208,230,-219)
(192,230,-225)
(207,225,-216)
(204,224,-218)
(193,228,-210)
(197,232,-219)
(203,216,-217)
(205,229,-208)
(213,235,-206)
(197,226,-207)
(206,229,-213)
(206,221,-214)
(210,236,-214)
(212,233,-212)
(216,220,-213)
(210,227,-211)
(208,228,-217)
(209,224,-210)
(213,232,-218)
(216,226,-202)
(212,225,-210)
(222,224,-212)
(222,226,-210)
(222,241,-213)
(237,231,-211)
(227,225,-209)
(239,233,-211)
(236,233,-201)
(235,227,-208)
(240,222,-212)
(243,221,-213)
(245,229,-206)
(251,229,-211)
(249,225,-205)
(257,226,-214)
(252,233,-207)
(261,218,-212)
(255,219,-205)
(253,225,-197)
(265,222,-206)
(271,224,-209)
(268,228,-207)
(275,213,-214)
(280,214,-205)
(280,210,-198)
(285,209,-199)
(286,215,-202)
(292,210,-200)
(299,208,-197)
(303,214,-195)
(301,204,-197)
(301,196,-196)
(308,205,-204)
(320,196,-192)
(314,199,-199)
(309,193,-206)
(324,192,-203)
(322,199,-202)
(331,192,-204)
(336,189,-205)
(333,177,-194)
(346,191,-204)
(346,182,-188)
(356,184,-198)
(352,168,-192)
(370,177,-189)
(373,166,-195)
(368,167,-186)
(364,169,-188)
(386,159,-187)
(374,153,-194)
(383,153,-197)
(383,146,-192)
(389,147,-191)
(392,141,-186)
(399,141,-193)
(400,137,-190)
(411,141,-192)
(410,125,-187)
(407,123,-187)
(419,125,-187)
(402,118,-181)
(421,118,-194)
(427,105,-189)
(427,107,-198)
(424,100,-182)
(427,97,-183)
(434,105,-188)
(431,92,-175)
(438,90,-187)
(436,91,-184)
(450,89,-184)
(447,73,-175)
(454,69,-175)
(454,66,-177)
(442,69,-177)
(456,54,-169)
(460,55,-175)
(454,38,-177)
(467,42,-181)
(469,41,-177)
(458,36,-170)
(464,34,-173)
(473,29,-173)
(480,20,-169)
(473,18,-180)
(475,12,-165)
(487,11,-172)
(478,11,-165)
(480,1,-171)
(479,-3,-169)
(477,-6,-170)
(479,-23,-174)
(482,-17,-176)
(479,-23,-179)
(483,-32,-168)
(484,-38,-163)
(485,-40,-164)
(496,-41,-159)
(498,-48,-165)
(500,-51,-168)
(494,-53,-173)
(492,-60,-174)
(490,-69,-165)
(502,-65,-164)
(502,-70,-169)
(507,-76,-169)
(498,-87,-168)
(508,-90,-164)
(511,-92,-164)
(508,-100,-166)
(505,-113,-164)
(502,-113,-169)
(503,-102,-156)
(505,-119,-159)
(503,-122,-159)
(501,-126,-171)
(505,-128,-154)
(499,-136,-166)
(507,-145,-159)
(505,-137,-158)
(510,-149,-168)
(505,-154,-163)
(502,-157,-158)
(506,-173,-157)
(498,-179,-154)
(507,-170,-157)
(496,-174,-159)
(496,-184,-165)
(502,-185,-158)
(497,-187,-160)
(493,-192,-167)
(500,-195,-153)
(494,-195,-160)
(495,-204,-152)
(504,-206,-161)
(495,-216,-163)
(496,-218,-160)
(484,-222,-171)
(493,-228,-162)
(496,-230,-156)
(487,-234,-152)
(488,-233,-158)
(490,-237,-152)
(490,-235,-167)
(491,-247,-159)
(490,-248,-166)
(489,-256,-162)
(483,-259,-165)
(485,-275,-155)
(491,-265,-161)
(482,-272,-156)
(486,-273,-154)
(472,-278,-155)
(477,-287,-154)
(480,-297,-163)
(474,-297,-151)
(462,-308,-160)
(474,-305,-158)
(463,-311,-162)
(463,-321,-157)
(463,-323,-157)
(454,-325,-159)
(458,-335,-172)
(452,-331,-150)
(451,-337,-153)
(449,-353,-166)
(445,-348,-157)
(444,-355,-157)
(439,-364,-161)
(435,-370,-160)
(429,-371,-154)
(439,-379,-156)
(430,-365,-159)
(430,-388,-154)
(424,-379,-164)
(431,-394,-157)
(422,-387,-163)
(415,-395,-156)
(416,-389,-162)
(416,-401,-160)
(411,-395,-160)
(414,-399,-161)
(417,-407,-155)
(408,-397,-152)
(407,-406,-155)
(412,-401,-160)
(407,-401,-157)
(401,-418,-151)
(410,-405,-155)
(403,-413,-155)
(391,-417,-154)
(397,-419,-163)
(395,-411,-156)
(398,-426,-158)
(399,-420,-161)
(395,-428,-160)
(392,-422,-156)
(385,-429,-148)
(386,-430,-161)
(377,-436,-160)
(377,-452,-158)
(375,-453,-154)
(373,-449,-148)
(376,-454,-146)
(360,-454,-163)
(370,-467,-154)
(367,-469,-162)
(359,-469,-172)
(346,-479,-164)
(342,-479,-171)
(347,-474,-155)
(337,-481,-152)
(344,-485,-148)
(339,-484,-154)
(339,-488,-155)
(328,-498,-151)
(329,-491,-161)
(320,-498,-151)
(322,-499,-164)
(315,-506,-159)
(307,-511,-167)
(304,-509,-159)
(295,-517,-158)
(296,-520,-152)
(288,-534,-153)
(289,-535,-157)
(277,-534,-156)
(268,-537,-161)
(269,-549,-161)
(271,-535,-154)
(273,-551,-152)
(256,-544,-148)
(253,-548,-162)
(253,-552,-155)
(247,-546,-154)
(239,-561,-153)
(237,-566,-160)
(228,-560,-158)
(227,-567,-152)
(233,-572,-152)
(217,-571,-154)
(210,-570,-167)
(210,-581,-154)
(205,-571,-153)
(214,-583,-151)
(191,-586,-156)
(199,-580,-162)
(198,-583,-158)
(197,-591,-161)
(186,-591,-163)
(182,-585,-153)
(184,-607,-153)
(174,-583,-154)
(178,-590,-159)
(165,-595,-164)
(155,-593,-160)
(162,-596,-155)
(159,-601,-168)
(157,-598,-154)
(150,-602,-154)
(147,-604,-164)
(142,-611,-151)
(133,-598,-155)
(129,-602,-161)
(136,-599,-153)
(131,-601,-161)
(126,-607,-155)
(124,-604,-155)
(125,-599,-152)
(126,-611,-172)
(117,-615,-152)
(109,-603,-163)
(111,-616,-154)
(102,-612,-157)
(116,-610,-157)
(101,-613,-153)
(97,-614,-150)
(97,-616,-149)
(104,-616,-154)
(90,-616,-161)
(96,-610,-157)
(83,-619,-158)
(83,-624,-150)
(87,-610,-154)
(82,-610,-160)
(79,-616,-161)
(70,-621,-149)
(84,-620,-151)
(77,-616,-155)
(70,-612,-156)
(58,-616,-162)
(68,-611,-151)
(71,-609,-157)
(67,-626,-155)
(61,-617,-162)
(60,-611,-150)
(72,-616,-148)
(65,-617,-151)
(58,-615,-164)
(61,-623,-156)
(62,-615,-158)
(54,-621,-147)
(56,-612,-154)
(65,-623,-161)
(52,-617,-156)
(51,-621,-150)
(53,-621,-156)
(55,-618,-157)
(54,-624,-152)
(53,-618,-162)
(44,-619,-158)
(45,-621,-159)
(53,-622,-162)
(44,-631,-159)
(50,-628,-160)
(38,-621,-151)
(53,-624,-157)
(49,-611,-154)
(46,-618,-161)
(39,-616,-157)
(49,-617,-160)
(56,-613,-152)
(54,-616,-150)
(48,-620,-163)
(46,-613,-166)
(44,-622,-160)
(48,-619,-158)
(52,-616,-149)
(54,-619,-156)
(50,-622,-160)
