(111,-624,-158)
(109,-633,-144)
(110,-628,-149)
(115,-643,-153)
(106,-630,-151)
(108,-630,-149)
(113,-632,-143)
(111,-642,-154)
(109,-636,-156)
(109,-632,-151)
(116,-634,-157)
(107,-639,-150)
(109,-636,-146)
(110,-639,-154)
(115,-630,-152)
(119,-629,-150)
(108,-624,-162)
(100,-632,-147)
(113,-636,-150)
(117,-625,-156)
(119,-633,-156)
(105,-634,-148)
(110,-634,-153)
(116,-628,-150)
(108,-632,-157)
(107,-637,-158)
(110,-627,-150)
(117,-638,-152)
(132,-639,-147)
(118,-642,-152)
(134,-641,-155)
(117,-639,-140)
(115,-629,-146)
(126,-630,-156)
(129,-618,-152)
(121,-640,-145)
(122,-636,-156)
(127,-623,-149)
(137,-635,-153)
(147,-628,-154)
(130,-630,-147)
(140,-626,-158)
(149,-623,-142)
(146,-623,-152)
(147,-622,-149)
(150,-621,-152)
(151,-620,-147)
(159,-616,-143)
(165,-624,-149)
(169,-623,-140)
(171,-611,-151)
(188,-610,-159)
(182,-620,-153)
(188,-614,-148)
(193,-603,-153)
(200,-602,-151)
(215,-599,-157)
(220,-600,-151)
(211,-600,-147)
(219,-596,-140)
(233,-597,-140)
(245,-580,-157)
(238,-580,-154)
(253,-585,-154)
(251,-569,-153)
(248,-571,-147)
(263,-570,-161)
(276,-569,-155)
(269,-566,-151)
(281,-563,-145)
(292,-549,-144)
(300,-548,-149)
(292,-534,-151)
(305,-543,-147)
(314,-542,-150)
(316,-530,-149)
(318,-522,-142)
(327,-521,-151)
(336,-526,-154)
(333,-513,-145)
(346,-510,-143)
(352,-505,-144)
(363,-503,-150)
(366,-490,-142)
(373,-492,-149)
(371,-479,-155)
(375,-466,-142)
(392,-465,-154)
(395,-463,-145)
(405,-455,-143)
(408,-451,-145)
(410,-437,-148)
(407,-435,-156)
(412,-432,-153)
(423,-420,-153)
(425,-417,-152)
(434,-409,-148)
(436,-405,-144)
(434,-406,-152)
(439,-390,-147)
(451,-396,-147)
(457,-379,-153)
(455,-380,-141)
(465,-361,-155)
(459,-362,-148)
(472,-343,-147)
(476,-345,-145)
(473,-339,-152)
(473,-328,-160)
(479,-319,-151)
(489,-307,-155)
(491,-304,-156)
(495,-292,-139)
(503,-286,-149)
(496,-284,-151)
(508,-276,-145)
(507,-261,-150)
(506,-255,-149)
(524,-245,-146)
(518,-235,-147)
(523,-225,-148)
(527,-215,-157)
(536,-206,-149)
(530,-205,-153)
(535,-193,-150)
(531,-189,-154)
(532,-171,-152)
(545,-180,-153)
(538,-166,-147)
(537,-164,-159)
(540,-155,-148)
(545,-153,-145)
(549,-139,-157)
(546,-129,-152)
(543,-128,-158)
(556,-118,-161)
(556,-97,-147)
(548,-99,-163)
(551,-93,-149)
(543,-81,-159)
(555,-76,-154)
(557,-76,-149)
(551,-65,-152)
(554,-60,-152)
(549,-48,-154)
(558,-51,-142)
(554,-31,-152)
(555,-33,-152)
(553,-21,-149)
(555,-17,-145)
(552,-2,-154)
(567,-9,-152)
(559,0,-152)
(565,-6,-151)
(564,22,-153)
(567,21,-151)
(560,28,-148)
(557,24,-148)
(553,34,-154)
(553,35,-154)
(550,45,-152)
(564,52,-153)
(556,45,-158)
(562,52,-159)
(563,46,-146)
(559,60,-144)
(551,60,-153)
(547,63,-143)
(552,66,-141)
(551,78,-151)
(557,67,-150)
(554,72,-153)
(548,80,-145)
(547,81,-153)
(554,96,-149)
(550,97,-146)
(552,96,-146)
(553,95,-157)
(544,91,-150)
(558,98,-150)
(554,91,-150)
(536,99,-142)
(556,92,-152)
(540,87,-142)
(547,81,-146)
(547,82,-145)
(555,84,-151)
(551,88,-153)
(563,68,-148)
(554,72,-153)
(561,70,-141)
(553,71,-150)
(553,59,-155)
(559,54,-150)
(559,43,-139)
(557,49,-154)
(554,43,-155)
(556,36,-143)
(550,34,-149)
(563,26,-153)
(550,15,-150)
(558,18,-148)
(558,11,-150)
(555,2,-158)
(551,-7,-145)
(557,-6,-146)
(559,-24,-155)
(555,-30,-146)
(563,-43,-149)
(558,-42,-146)
(549,-55,-147)
(546,-70,-150)
(547,-73,-151)
(550,-89,-155)
(549,-95,-145)
(554,-104,-145)
(564,-116,-142)
(546,-124,-151)
(548,-128,-153)
(543,-128,-139)
(548,-147,-155)
(541,-158,-149)
(539,-163,-148)
(539,-174,-154)
(535,-186,-150)
(531,-203,-156)
(534,-197,-139)
(531,-215,-147)
(520,-224,-153)
(522,-232,-152)
(524,-241,-159)
(523,-252,-150)
(512,-247,-155)
(508,-268,-146)
(498,-282,-148)
(495,-279,-145)
(504,-283,-150)
(494,-305,-151)
(495,-308,-154)
(487,-308,-145)
(481,-321,-145)
(469,-334,-156)
(474,-349,-148)
(467,-345,-151)
(461,-361,-152)
(473,-365,-158)
(458,-365,-152)
(464,-384,-154)
(448,-380,-145)
(434,-404,-156)
(434,-398,-154)
(438,-404,-154)
(429,-421,-152)
(417,-426,-152)
(427,-429,-154)
(419,-440,-149)
(409,-450,-145)
(410,-439,-154)
(394,-448,-153)
(398,-464,-143)
(392,-468,-145)
(372,-479,-154)
(382,-489,-152)
(370,-486,-149)
(368,-485,-158)
(356,-496,-152)
(346,-511,-152)
(339,-518,-150)
(336,-513,-151)
(332,-529,-156)
(333,-527,-156)
(321,-525,-145)
(317,-536,-147)
(313,-537,-139)
(306,-538,-146)
(304,-546,-152)
(291,-548,-147)
(290,-564,-152)
(286,-559,-152)
(268,-563,-155)
(281,-570,-150)
(264,-570,-156)
(254,-577,-144)
(256,-581,-147)
(251,-582,-153)
(250,-591,-152)
(241,-587,-141)
(224,-590,-146)
(230,-586,-155)
(222,-589,-155)
(215,-605,-145)
(219,-599,-140)
(212,-601,-161)
(201,-614,-150)
(198,-605,-152)
(186,-610,-147)
(192,-609,-149)
(180,-611,-151)
(187,-607,-154)
(177,-615,-154)
(175,-622,-147)
(168,-613,-158)
(162,-605,-142)
(166,-626,-147)
(148,-618,-152)
(158,-621,-139)
(150,-622,-152)
(137,-627,-153)
(140,-627,-153)
(141,-622,-159)
(129,-625,-148)
(132,-628,-146)
(134,-621,-145)
(119,-624,-154)
(116,-635,-154)
(128,-633,-153)
(114,-634,-146)
(110,-643,-151)
(104,-633,-141)
(106,-635,-146)
(109,-632,-145)
(103,-638,-148)
(94,-631,-156)
(90,-635,-146)
(93,-637,-150)
(99,-639,-156)
(95,-640,-144)
(99,-640,-155)
(95,-629,-148)
(92,-643,-152)
