(113,-628,-156)
(120,-629,-148)
(123,-635,-153)
(108,-634,-159)
(114,-634,-155)
(112,-636,-157)
(116,-647,-151)
(113,-631,-147)
(120,-638,-152)
(115,-640,-154)
(110,-637,-150)
(102,-631,-143)
(108,-634,-148)
(117,-633,-148)
(108,-638,-146)
(114,-642,-144)
(106,-640,-148)
(114,-626,-139)
(102,-631,-149)
(114,-634,-157)
(114,-628,-155)
(119,-631,-156)
(105,-627,-153)
(114,-636,-154)
(117,-644,-160)
(115,-639,-155)
(112,-635,-155)
(122,-639,-161)
(114,-639,-149)
(119,-627,-145)
(122,-633,-148)
(108,-635,-143)
(113,-637,-153)
(116,-629,-153)
(128,-626,-154)
(132,-638,-152)
(131,-628,-149)
(141,-633,-150)
(144,-638,-151)
(129,-625,-146)
(137,-626,-158)
(132,-614,-151)
(145,-618,-143)
(150,-623,-150)
(160,-629,-148)
(160,-632,-148)
(162,-618,-147)
(156,-623,-153)
(150,-625,-147)
(177,-625,-143)
(174,-615,-140)
(187,-609,-151)
(191,-612,-147)
(187,-613,-148)
(195,-612,-152)
(202,-606,-145)
(201,-606,-143)
(216,-594,-154)
(213,-599,-157)
(223,-598,-147)
(229,-588,-155)
(240,-583,-143)
(239,-579,-156)
(247,-582,-150)
(245,-579,-146)
(253,-569,-145)
(268,-581,-146)
(274,-566,-137)
(280,-571,-148)
(277,-560,-150)
(274,-562,-153)
(293,-552,-158)
(300,-547,-160)
(300,-543,-153)
(306,-541,-146)
(315,-533,-156)
(321,-534,-151)
(331,-527,-149)
(329,-522,-161)
(332,-523,-152)
(343,-515,-152)
(344,-509,-145)
(365,-499,-141)
(360,-498,-145)
(372,-476,-144)
(375,-480,-151)
(385,-471,-146)
(386,-461,-150)
(389,-460,-148)
(399,-458,-149)
(407,-448,-149)
(411,-440,-146)
(403,-438,-159)
(421,-432,-152)
(427,-423,-146)
(437,-414,-154)
(421,-410,-150)
(440,-412,-150)
(433,-403,-152)
(448,-383,-154)
(443,-382,-150)
(453,-383,-153)
(463,-374,-154)
(457,-362,-158)
(466,-355,-152)
(467,-356,-157)
(469,-337,-149)
(477,-335,-152)
(485,-320,-146)
(488,-329,-152)
(496,-305,-146)
(495,-310,-155)
(494,-292,-149)
(500,-285,-156)
(513,-280,-164)
(508,-267,-147)
(509,-255,-153)
(519,-259,-148)
(512,-246,-152)
(521,-249,-152)
(516,-223,-145)
(521,-220,-157)
(524,-211,-143)
(531,-205,-155)
(531,-201,-146)
(529,-191,-142)
(532,-180,-160)
(537,-172,-138)
(538,-171,-157)
(537,-161,-154)
(546,-150,-155)
(545,-146,-156)
(542,-133,-150)
(545,-128,-144)
(540,-128,-145)
(549,-118,-152)
(558,-102,-148)
(553,-103,-153)
(544,-97,-148)
(553,-84,-150)
(550,-79,-140)
(555,-69,-153)
(547,-71,-139)
(545,-56,-134)
(559,-41,-151)
(557,-43,-150)
(561,-43,-151)
(553,-36,-148)
(559,-23,-144)
(553,-16,-150)
(555,-7,-155)
(564,-1,-156)
(556,-3,-147)
(559,2,-151)
(564,11,-159)
(556,9,-156)
(563,28,-154)
(563,12,-153)
(565,22,-150)
(556,35,-145)
(561,38,-154)
(554,51,-147)
(559,44,-153)
(558,51,-152)
(560,59,-149)
(548,56,-153)
(560,60,-155)
(556,69,-157)
(548,68,-158)
(543,77,-140)
(563,77,-149)
(551,86,-155)
(552,82,-145)
(547,77,-149)
(554,87,-149)
(557,90,-148)
(555,90,-152)
(552,90,-155)
(553,95,-151)
(543,96,-148)
(552,82,-149)
(556,85,-146)
(546,93,-145)
(552,87,-149)
(554,89,-155)
(552,75,-164)
(554,82,-151)
(559,85,-145)
(553,70,-139)
(561,76,-158)
(544,72,-153)
(551,67,-156)
(563,57,-153)
(558,58,-152)
(549,52,-156)
(554,46,-148)
(558,49,-158)
(548,38,-142)
(559,30,-144)
(547,18,-156)
(556,14,-150)
(568,8,-157)
(562,8,-157)
(554,-7,-152)
(555,-4,-146)
(559,-8,-149)
(564,-21,-153)
(552,-25,-152)
(550,-32,-148)
(556,-33,-156)
(559,-53,-152)
(556,-66,-150)
(549,-85,-151)
(555,-92,-147)
(551,-104,-153)
(552,-102,-153)
(553,-111,-148)
(542,-121,-161)
(539,-137,-157)
(544,-152,-143)
(540,-145,-154)
(536,-156,-143)
(533,-165,-147)
(533,-173,-153)
(538,-180,-148)
(529,-190,-145)
(530,-213,-151)
(517,-203,-151)
(528,-227,-158)
(536,-234,-150)
(514,-229,-148)
(512,-250,-149)
(508,-265,-152)
(510,-265,-154)
(510,-277,-154)
(502,-272,-151)
(500,-294,-156)
(493,-301,-165)
(496,-305,-147)
(498,-320,-154)
(483,-317,-153)
(483,-332,-154)
(460,-336,-155)
(472,-348,-156)
(469,-353,-146)
(461,-369,-151)
(459,-376,-149)
(452,-373,-159)
(460,-388,-151)
(443,-402,-146)
(442,-403,-154)
(434,-417,-143)
(433,-417,-152)
(421,-426,-156)
(416,-423,-158)
(404,-427,-152)
(410,-441,-146)
(410,-444,-147)
(402,-456,-157)
(392,-461,-149)
(386,-471,-145)
(380,-478,-151)
(369,-477,-140)
(372,-500,-146)
(361,-492,-149)
(353,-484,-155)
(353,-500,-153)
(351,-513,-150)
(335,-523,-159)
(324,-528,-149)
(342,-525,-152)
(326,-525,-143)
(315,-525,-147)
(319,-529,-149)
(311,-545,-148)
(296,-540,-144)
(287,-547,-153)
(279,-556,-149)
(281,-558,-152)
(283,-560,-147)
(279,-566,-155)
(270,-575,-145)
(267,-580,-148)
(245,-572,-150)
(246,-587,-143)
(247,-585,-150)
(233,-597,-148)
(234,-589,-146)
(234,-593,-150)
(233,-592,-158)
(216,-603,-147)
(212,-613,-151)
(216,-605,-144)
(201,-603,-151)
(208,-607,-148)
(196,-613,-149)
(183,-604,-148)
(176,-606,-148)
(173,-601,-149)
(172,-614,-150)
(174,-614,-156)
(164,-612,-150)
(179,-613,-154)
(160,-621,-145)
(157,-621,-140)
(145,-626,-152)
(151,-624,-146)
(145,-632,-155)
(136,-622,-146)
(140,-639,-152)
(139,-639,-155)
(135,-624,-137)
(132,-629,-155)
(133,-637,-148)
(116,-631,-141)
(123,-631,-150)
(120,-629,-137)
(106,-625,-154)
(120,-624,-147)
(106,-638,-159)
(100,-639,-145)
(108,-637,-158)
(101,-637,-156)
(98,-632,-148)
(97,-638,-155)
(90,-639,-153)
(87,-648,-151)
(83,-635,-154)
(88,-639,-154)
(84,-636,-155)
