(119,-634,-144)
(114,-639,-152)
(109,-641,-150)
(122,-635,-152)
(109,-634,-153)
(108,-639,-157)
(114,-629,-160)
(119,-631,-148)
(114,-630,-151)
(117,-638,-161)
(115,-637,-154)
(112,-635,-141)
(114,-629,-146)
(111,-634,-150)
(106,-636,-150)
(118,-635,-151)
(114,-636,-150)
(122,-635,-147)
(115,-639,-165)
(119,-628,-153)
(111,-630,-146)
(118,-630,-144)
(110,-635,-151)
(119,-638,-158)
(107,-632,-152)
(113,-639,-147)
(110,-638,-145)
(112,-649,-159)
(120,-638,-151)
(110,-634,-155)
(113,-634,-142)
(121,-632,-147)
(122,-630,-151)
(115,-625,-152)
(130,-636,-152)
(125,-636,-143)
(128,-628,-154)
(126,-627,-143)
(134,-624,-153)
(119,-623,-148)
(141,-631,-153)
(148,-617,-148)
(137,-628,-149)
(146,-623,-152)
(153,-628,-153)
(149,-622,-146)
(162,-618,-147)
(160,-619,-144)
(164,-613,-151)
(171,-614,-147)
(170,-614,-138)
(173,-609,-152)
(194,-608,-157)
(193,-607,-146)
(187,-610,-151)
(207,-606,-154)
(212,-604,-154)
(212,-602,-151)
(226,-596,-147)
(225,-598,-150)
(231,-591,-151)
(232,-584,-151)
(241,-585,-158)
(243,-577,-153)
(254,-581,-154)
(251,-573,-151)
(272,-572,-156)
(267,-565,-145)
(269,-579,-149)
(285,-558,-152)
(294,-549,-148)
(300,-556,-150)
(300,-555,-152)
(308,-537,-149)
(314,-537,-150)
(317,-544,-145)
(325,-526,-147)
(323,-518,-147)
(325,-522,-154)
(339,-512,-160)
(340,-508,-141)
(349,-509,-152)
(348,-494,-154)
(363,-495,-147)
(367,-483,-150)
(364,-476,-152)
(384,-467,-153)
(392,-468,-146)
(390,-458,-152)
(398,-445,-154)
(400,-450,-149)
(417,-437,-146)
(410,-433,-149)
(418,-423,-147)
(424,-430,-155)
(423,-417,-164)
(437,-410,-155)
(441,-409,-152)
(440,-404,-142)
(443,-391,-151)
(446,-381,-148)
(444,-379,-160)
(463,-370,-145)
(454,-363,-145)
(457,-368,-147)
(470,-358,-143)
(472,-343,-150)
(472,-334,-150)
(487,-328,-152)
(487,-315,-159)
(485,-307,-156)
(497,-298,-148)
(490,-296,-156)
(488,-282,-152)
(501,-280,-151)
(508,-265,-148)
(506,-254,-149)
(509,-250,-154)
(520,-232,-154)
(523,-236,-145)
(522,-225,-160)
(523,-223,-145)
(524,-204,-161)
(534,-209,-146)
(538,-195,-148)
(527,-188,-150)
(526,-184,-152)
(527,-171,-151)
(537,-160,-159)
(543,-152,-145)
(547,-143,-160)
(545,-145,-144)
(560,-139,-141)
(538,-129,-146)
(549,-130,-150)
(555,-120,-156)
(542,-112,-156)
(552,-104,-155)
(541,-93,-154)
(563,-85,-149)
(550,-73,-143)
(553,-78,-148)
(545,-53,-149)
(552,-63,-148)
(559,-59,-154)
(556,-44,-145)
(562,-40,-152)
(554,-36,-146)
(560,-27,-149)
(555,-14,-152)
(562,-5,-150)
(553,-6,-159)
(565,11,-152)
(551,1,-151)
(563,17,-147)
(556,25,-145)
(556,24,-146)
(562,28,-154)
(556,33,-156)
(558,28,-150)
(559,37,-144)
(557,43,-149)
(550,46,-143)
(549,57,-156)
(553,57,-163)
(561,53,-147)
(556,68,-146)
(556,64,-157)
(554,72,-144)
(558,79,-150)
(554,85,-150)
(550,84,-153)
(546,85,-149)
(553,90,-147)
(543,81,-151)
(556,91,-155)
(550,89,-139)
(545,86,-143)
(556,96,-144)
(553,90,-147)
(554,96,-149)
(549,103,-147)
(557,89,-150)
(555,90,-157)
(554,81,-154)
(551,83,-155)
(558,65,-160)
(554,76,-151)
(540,70,-151)
(553,61,-153)
(562,71,-152)
(563,70,-154)
(554,67,-148)
(565,61,-150)
(558,55,-146)
(559,49,-152)
(553,41,-153)
(563,42,-148)
(563,29,-153)
(552,24,-142)
(568,13,-148)
(544,6,-142)
(547,6,-151)
(567,0,-148)
(560,-1,-151)
(554,-15,-155)
(552,-15,-146)
(545,-26,-155)
(558,-38,-145)
(556,-41,-150)
(555,-43,-151)
(553,-77,-157)
(550,-71,-161)
(560,-92,-153)
(549,-96,-149)
(551,-102,-146)
(546,-108,-153)
(541,-124,-155)
(542,-131,-151)
(543,-134,-147)
(543,-139,-147)
(546,-160,-153)
(542,-166,-153)
(533,-170,-148)
(534,-178,-142)
(523,-194,-156)
(536,-201,-159)
(527,-205,-148)
(526,-215,-158)
(517,-234,-149)
(512,-231,-143)
(517,-248,-152)
(510,-266,-146)
(511,-275,-149)
(500,-278,-142)
(498,-285,-154)
(501,-287,-148)
(484,-297,-140)
(486,-308,-148)
(482,-313,-140)
(483,-320,-148)
(495,-343,-149)
(485,-340,-157)
(458,-350,-149)
(461,-357,-149)
(467,-371,-146)
(467,-374,-146)
(457,-384,-158)
(448,-393,-140)
(446,-395,-149)
(436,-410,-153)
(439,-418,-149)
(432,-414,-155)
(429,-426,-148)
(411,-425,-154)
(417,-435,-149)
(415,-448,-150)
(401,-451,-154)
(397,-463,-160)
(388,-460,-153)
(386,-466,-152)
(377,-482,-143)
(370,-485,-150)
(378,-487,-156)
(361,-486,-144)
(353,-505,-150)
(352,-507,-152)
(350,-508,-141)
(330,-508,-146)
(331,-520,-159)
(331,-528,-151)
(322,-523,-156)
(310,-544,-152)
(312,-535,-147)
(306,-541,-156)
(294,-544,-157)
(303,-557,-153)
(298,-558,-150)
(282,-556,-151)
(282,-565,-152)
(263,-567,-157)
(266,-575,-152)
(263,-575,-158)
(257,-574,-149)
(245,-574,-154)
(243,-578,-147)
(236,-590,-156)
(228,-589,-149)
(223,-588,-146)
(218,-592,-153)
(209,-592,-157)
(214,-599,-146)
(215,-599,-152)
(206,-606,-154)
(205,-618,-157)
(198,-618,-148)
(203,-612,-152)
(192,-618,-157)
(180,-614,-147)
(180,-605,-150)
(170,-604,-162)
(166,-614,-152)
(160,-626,-141)
(160,-620,-155)
(158,-619,-147)
(158,-623,-150)
(152,-621,-151)
(138,-623,-158)
(142,-629,-155)
(135,-625,-151)
(133,-635,-144)
(127,-627,-154)
(128,-638,-151)
(124,-631,-148)
(124,-639,-155)
(120,-633,-152)
(107,-634,-164)
(122,-632,-150)
(111,-627,-160)
(100,-644,-155)
(95,-627,-154)
(108,-635,-152)
(94,-632,-149)
(91,-639,-155)
(91,-645,-152)
(94,-638,-161)
(84,-638,-158)
(89,-633,-141)
(84,-638,-155)
(98,-639,-150)
