(113,-641,-149)
(107,-634,-149)
(122,-640,-147)
(117,-643,-139)
(116,-633,-153)
(105,-638,-147)
(106,-635,-158)
(105,-632,-147)
(114,-631,-155)
(117,-622,-156)
(113,-633,-153)
(111,-638,-152)
(115,-631,-154)
(112,-636,-143)
(111,-639,-144)
(101,-641,-152)
(113,-629,-143)
(118,-630,-150)
(112,-637,-145)
(120,-638,-156)
(114,-640,-146)
(129,-633,-147)
(117,-630,-151)
(115,-635,-151)
(122,-634,-148)
(115,-633,-152)
(114,-632,-147)
(108,-632,-156)
(130,-635,-152)
(120,-629,-158)
(122,-645,-153)
(116,-627,-146)
(121,-629,-147)
(127,-631,-145)
(124,-631,-144)
(121,-628,-158)
(120,-631,-157)
(128,-626,-156)
(128,-633,-158)
(133,-624,-144)
(132,-624,-145)
(131,-628,-150)
(149,-631,-146)
(159,-624,-147)
(149,-624,-160)
(148,-627,-156)
(160,-624,-155)
(162,-619,-151)
(167,-614,-150)
(167,-616,-160)
(175,-604,-152)
(175,-616,-152)
(187,-606,-140)
(191,-613,-159)
(192,-606,-155)
(203,-600,-146)
(205,-604,-151)
(207,-595,-151)
(216,-592,-157)
(222,-595,-149)
(232,-591,-154)
(238,-587,-143)
(245,-584,-150)
(247,-579,-153)
(253,-576,-154)
(248,-580,-146)
(264,-561,-151)
(279,-560,-155)
(276,-560,-156)
(285,-554,-152)
(295,-551,-154)
(292,-552,-159)
(289,-547,-144)
(299,-548,-151)
(305,-540,-151)
(317,-530,-160)
(318,-525,-150)
(329,-524,-155)
(340,-516,-159)
(343,-508,-151)
(341,-504,-152)
(360,-500,-155)
(357,-500,-150)
(351,-495,-150)
(370,-495,-151)
(368,-484,-153)
(377,-468,-153)
(393,-467,-151)
(400,-456,-151)
(400,-454,-148)
(396,-447,-147)
(412,-441,-150)
(420,-428,-158)
(418,-429,-141)
(424,-421,-149)
(420,-418,-153)
(423,-412,-149)
(436,-400,-147)
(433,-389,-146)
(437,-388,-147)
(450,-381,-148)
(448,-374,-157)
(460,-370,-156)
(460,-359,-149)
(463,-358,-149)
(464,-348,-147)
(475,-348,-152)
(477,-337,-154)
(481,-329,-150)
(488,-319,-156)
(497,-317,-152)
(495,-309,-148)
(489,-303,-148)
(492,-297,-142)
(495,-282,-156)
(514,-275,-151)
(506,-255,-146)
(517,-254,-147)
(510,-241,-151)
(513,-237,-153)
(521,-222,-147)
(535,-207,-148)
(527,-209,-148)
(527,-212,-164)
(538,-202,-149)
(537,-195,-153)
(534,-185,-146)
(534,-167,-151)
(540,-170,-147)
(542,-160,-148)
(540,-154,-152)
(538,-147,-151)
(551,-131,-152)
(545,-131,-159)
(544,-123,-147)
(550,-120,-156)
(548,-107,-149)
(552,-93,-153)
(558,-87,-151)
(555,-92,-147)
(553,-74,-153)
(558,-72,-158)
(554,-67,-154)
(552,-62,-151)
(551,-49,-140)
(547,-39,-142)
(546,-37,-148)
(554,-34,-153)
(559,-25,-143)
(556,-12,-145)
(559,-14,-156)
(549,-6,-141)
(554,2,-150)
(558,7,-160)
(555,10,-146)
(560,23,-152)
(549,21,-132)
(558,28,-148)
(550,33,-157)
(560,32,-153)
(552,43,-157)
(555,46,-154)
(552,46,-141)
(551,49,-144)
(554,55,-150)
(556,70,-142)
(552,56,-150)
(559,62,-153)
(543,73,-145)
(553,81,-155)
(557,73,-143)
(546,74,-149)
(547,92,-151)
(552,98,-149)
(556,83,-148)
(549,86,-157)
(557,87,-145)
(546,90,-153)
(544,91,-141)
(549,89,-153)
(558,89,-153)
(541,88,-143)
(560,88,-149)
(558,88,-154)
(554,88,-157)
(545,85,-147)
(551,76,-153)
(559,79,-156)
(552,73,-151)
(550,74,-148)
(553,82,-147)
(554,69,-153)
(554,58,-148)
(560,61,-147)
(554,51,-148)
(550,47,-146)
(554,35,-148)
(560,43,-149)
(555,30,-147)
(564,27,-142)
(559,20,-149)
(556,14,-157)
(557,8,-152)
(551,-7,-157)
(564,-5,-160)
(559,-8,-150)
(567,-23,-154)
(548,-31,-149)
(558,-40,-147)
(561,-48,-149)
(556,-56,-158)
(547,-72,-141)
(553,-79,-154)
(556,-83,-149)
(545,-89,-161)
(551,-109,-156)
(550,-119,-150)
(551,-116,-152)
(547,-133,-149)
(535,-138,-146)
(544,-161,-146)
(553,-163,-155)
(535,-171,-150)
(533,-176,-142)
(538,-189,-155)
(533,-197,-146)
(528,-202,-143)
(522,-204,-155)
(517,-228,-148)
(523,-235,-161)
(518,-239,-152)
(510,-241,-158)
(505,-258,-151)
(510,-276,-155)
(506,-278,-146)
(496,-280,-145)
(499,-287,-150)
(499,-300,-150)
(495,-308,-154)
(482,-306,-144)
(483,-320,-141)
(476,-335,-144)
(475,-345,-160)
(472,-351,-149)
(470,-367,-148)
(456,-370,-162)
(455,-370,-143)
(451,-378,-145)
(447,-382,-154)
(449,-397,-149)
(445,-401,-149)
(432,-415,-150)
(430,-416,-143)
(431,-422,-152)
(419,-429,-156)
(416,-436,-152)
(406,-451,-147)
(401,-461,-145)
(396,-463,-153)
(395,-463,-158)
(381,-480,-148)
(385,-477,-144)
(371,-489,-153)
(369,-487,-142)
(363,-497,-142)
(354,-495,-152)
(351,-503,-150)
(345,-512,-159)
(339,-514,-153)
(337,-519,-153)
(316,-523,-147)
(319,-531,-146)
(315,-529,-141)
(306,-535,-153)
(310,-548,-158)
(306,-547,-144)
(294,-551,-146)
(298,-555,-147)
(285,-558,-151)
(272,-568,-159)
(267,-569,-157)
(256,-568,-146)
(254,-577,-149)
(262,-577,-145)
(254,-576,-155)
(249,-578,-152)
(245,-582,-151)
(233,-585,-151)
(232,-588,-140)
(224,-598,-146)
(225,-599,-150)
(205,-596,-147)
(206,-609,-154)
(204,-603,-155)
(203,-607,-153)
(198,-603,-155)
(185,-599,-155)
(192,-611,-150)
(187,-615,-145)
(178,-615,-155)
(185,-606,-153)
(161,-619,-154)
(168,-617,-156)
(163,-630,-146)
(156,-619,-151)
(150,-626,-145)
(151,-628,-145)
(146,-629,-152)
(139,-631,-149)
(132,-630,-146)
(120,-630,-155)
(128,-632,-159)
(117,-637,-158)
(130,-632,-152)
(118,-637,-152)
(126,-637,-163)
(119,-637,-155)
(119,-641,-157)
(118,-635,-158)
(107,-642,-139)
(112,-639,-150)
(93,-639,-148)
(101,-639,-154)
(96,-637,-152)
(88,-639,-147)
(80,-631,-150)
(95,-629,-151)
(98,-641,-153)
(90,-630,-162)
(93,-636,-146)
