(31,-546,-237)
(35,-559,-242)
(38,-542,-245)
(34,-552,-237)
(33,-544,-247)
(32,-540,-242)
(39,-551,-235)
(40,-546,-248)
(40,-552,-241)
(32,-550,-234)
(33,-545,-239)
(32,-540,-233)
(41,-542,-242)
(33,-546,-238)
(37,-545,-236)
(38,-539,-241)
(36,-557,-235)
(35,-540,-237)
(38,-542,-233)
(43,-540,-234)
(44,-552,-231)
(34,-552,-239)
(44,-547,-247)
(46,-554,-231)
(36,-535,-240)
(51,-539,-244)
(52,-541,-236)
(52,-535,-232)
(52,-547,-245)
(47,-540,-229)
(60,-543,-231)
(62,-550,-230)
(63,-539,-236)
(65,-544,-243)
(71,-541,-235)
(78,-537,-241)
(82,-540,-234)
(79,-542,-241)
(86,-542,-227)
(103,-538,-247)
(86,-551,-227)
(98,-542,-233)
(103,-539,-233)
(117,-547,-230)
(122,-530,-231)
(128,-537,-221)
(135,-537,-224)
(138,-538,-228)
(147,-534,-227)
(157,-530,-232)
(156,-524,-215)
(169,-529,-227)
(171,-524,-212)
(187,-523,-210)
(190,-521,-211)
(200,-515,-213)
(200,-514,-206)
(204,-499,-204)
(217,-505,-200)
(216,-505,-207)
(227,-487,-195)
(228,-500,-191)
(246,-488,-196)
(254,-486,-203)
(262,-477,-193)
(261,-472,-193)
(279,-472,-189)
(291,-457,-188)
(294,-450,-192)
(299,-445,-194)
(313,-444,-182)
(314,-428,-184)
(319,-420,-184)
(325,-426,-185)
(340,-415,-184)
(337,-410,-189)
(355,-388,-176)
(356,-389,-177)
(365,-386,-175)
(359,-372,-177)
(367,-371,-172)
(374,-356,-175)
(392,-348,-170)
(399,-340,-166)
(398,-324,-170)
(402,-312,-165)
(409,-307,-160)
(416,-281,-170)
(418,-278,-169)
(430,-274,-175)
(432,-262,-165)
(439,-250,-159)
(439,-230,-161)
(438,-226,-163)
(453,-219,-159)
(443,-199,-162)
(450,-193,-159)
(461,-170,-159)
(456,-166,-160)
(463,-150,-167)
(458,-139,-157)
(466,-131,-164)
(458,-119,-163)
(463,-109,-158)
(468,-100,-159)
(469,-86,-159)
(468,-59,-167)
(475,-44,-157)
(471,-44,-164)
(473,-16,-157)
(459,-14,-165)
(463,-2,-164)
(466,11,-172)
(463,16,-172)
(460,31,-169)
(452,46,-188)
(457,52,-168)
(449,57,-178)
(454,77,-166)
(437,81,-173)
(442,92,-174)
(441,100,-168)
(431,113,-176)
(438,121,-173)
(442,133,-175)
(430,137,-172)
(431,144,-189)
(415,152,-183)
(417,162,-183)
(416,176,-180)
(416,194,-183)
(400,195,-188)
(406,194,-194)
(396,205,-188)
(383,208,-191)
(374,224,-194)
(375,228,-187)
(375,235,-194)
(374,241,-199)
(369,247,-193)
(358,249,-195)
(362,250,-205)
(348,265,-196)
(349,261,-190)
(349,267,-195)
(330,274,-200)
(341,281,-206)
(329,285,-208)
(316,292,-212)
(321,297,-209)
(314,298,-208)
(306,292,-215)
(304,305,-205)
(296,301,-215)
(292,300,-203)
(288,310,-208)
(283,313,-215)
(287,310,-214)
(276,315,-212)
(270,322,-226)
(275,316,-212)
(260,315,-222)
(265,326,-214)
(264,326,-222)
(264,330,-222)
(243,333,-235)
(248,341,-221)
(244,323,-220)
(228,322,-222)
(238,330,-218)
(237,325,-225)
(230,328,-224)
(232,331,-230)
(217,329,-223)
(221,326,-230)
(222,331,-224)
(211,321,-233)
(220,328,-224)
(222,330,-226)
(212,334,-228)
(219,317,-232)
(213,330,-227)
(209,322,-228)
(214,318,-233)
(206,325,-233)
(206,322,-234)
(214,316,-233)
(198,318,-236)
(195,323,-231)
(204,308,-224)
(196,320,-236)
(207,325,-223)
(204,314,-229)
(211,318,-224)
(206,305,-236)
(210,321,-228)
(204,313,-229)
(222,306,-222)
(211,306,-226)
(208,313,-229)
(218,305,-233)
(212,304,-230)
(219,319,-215)
(216,301,-228)
(214,307,-234)
(206,312,-224)
(223,309,-239)
(221,304,-222)
(232,296,-226)
(229,313,-226)
(232,307,-228)
(240,293,-217)
(234,300,-224)
(246,289,-232)
(245,293,-222)
(246,299,-219)
(260,290,-214)
(261,290,-216)
(269,282,-213)
(275,283,-213)
(283,284,-212)
(278,280,-211)
(285,272,-212)
(297,267,-201)
(291,252,-214)
(312,262,-208)
(302,256,-208)
(313,262,-199)
(318,257,-202)
(323,242,-195)
(342,239,-193)
(340,233,-184)
(345,224,-194)
(348,225,-193)
(348,214,-177)
(349,209,-184)
(363,201,-180)
(373,204,-182)
(377,195,-169)
(384,174,-173)
(384,175,-173)
(400,175,-166)
(393,155,-169)
(398,157,-166)
(403,144,-158)
(421,135,-164)
(424,124,-149)
(414,118,-159)
(427,108,-148)
(430,94,-150)
(443,90,-152)
(442,76,-139)
(449,66,-132)
(448,51,-130)
(453,46,-133)
(446,40,-131)
(451,19,-132)
(457,7,-134)
(455,5,-137)
(461,-4,-124)
(457,-13,-121)
(465,-31,-125)
(472,-29,-124)
(464,-55,-112)
(467,-62,-110)
(467,-67,-110)
(466,-85,-110)
(466,-95,-102)
(475,-102,-104)
(469,-111,-109)
(470,-121,-109)
(470,-142,-94)
(455,-147,-97)
(469,-148,-108)
(466,-171,-103)
(471,-183,-97)
(471,-186,-109)
(463,-203,-95)
(459,-204,-110)
(452,-226,-102)
(445,-232,-104)
(464,-239,-105)
(458,-244,-110)
(440,-256,-107)
(444,-265,-115)
(434,-285,-119)
(436,-296,-117)
(430,-302,-118)
(427,-306,-112)
(435,-320,-124)
(419,-327,-126)
(421,-334,-134)
(411,-351,-124)
(415,-369,-138)
(404,-368,-131)
(392,-387,-130)
(398,-386,-141)
(390,-389,-134)
(384,-406,-133)
(375,-412,-131)
(371,-427,-143)
(359,-439,-140)
(355,-445,-150)
(342,-456,-144)
(353,-447,-152)
(332,-466,-148)
(332,-468,-148)
(335,-476,-160)
(324,-483,-155)
(315,-488,-156)
(317,-491,-152)
(295,-502,-155)
(304,-497,-168)
(294,-508,-159)
(291,-515,-166)
(286,-520,-170)
(284,-519,-179)
(271,-521,-191)
(271,-528,-182)
(267,-530,-178)
(273,-532,-186)
(268,-533,-184)
(271,-526,-176)
(267,-524,-189)
(259,-527,-189)
(265,-534,-197)
(264,-542,-191)
(253,-515,-191)
(257,-528,-198)
(254,-531,-192)
(255,-539,-201)
(244,-536,-205)
(251,-535,-207)
(253,-540,-199)
(244,-547,-203)
(234,-550,-202)
(246,-542,-214)
(239,-539,-215)
(235,-557,-208)
(243,-557,-225)
(231,-560,-212)
(233,-552,-216)
(229,-554,-211)
(218,-561,-218)
(224,-568,-216)
(205,-562,-220)
(221,-564,-217)
(213,-569,-218)
(200,-570,-218)
(200,-569,-221)
(192,-570,-217)
(191,-569,-216)
(186,-574,-218)
(182,-575,-220)
(182,-581,-224)
(176,-585,-216)
(166,-585,-218)
(174,-592,-213)
(165,-585,-228)
(153,-582,-222)
(157,-592,-222)
(155,-585,-215)
(153,-587,-216)
(145,-596,-222)
(147,-591,-209)
(140,-587,-215)
(133,-591,-220)
(129,-598,-212)
(127,-599,-218)
(126,-601,-215)
(123,-596,-214)
(120,-590,-225)
(118,-593,-215)
(110,-599,-218)
(106,-602,-210)
(97,-606,-219)
(108,-599,-213)
(107,-604,-206)
(98,-602,-210)
(90,-600,-209)
(93,-614,-210)
(87,-608,-210)
(89,-614,-211)
(75,-602,-212)
(87,-602,-215)
(84,-611,-207)
(79,-605,-210)
(81,-612,-201)
(78,-611,-219)
(78,-614,-205)
(71,-608,-209)
(68,-610,-219)
(66,-616,-213)
(67,-613,-215)
(65,-607,-199)
(56,-615,-216)
(55,-608,-211)
(63,-611,-217)
(59,-607,-218)
(59,-610,-210)
(59,-609,-217)
(62,-611,-223)
(64,-614,-215)
(56,-605,-213)
(55,-623,-208)
(49,-608,-214)
(46,-608,-209)
(51,-611,-204)
(56,-610,-210)
(59,-615,-212)
(53,-609,-200)
(63,-608,-207)
(51,-610,-218)
(48,-613,-218)
(49,-605,-216)
(37,-605,-222)
(40,-623,-209)
(42,-608,-214)
(39,-605,-213)
(43,-608,-211)
(53,-618,-211)
(36,-616,-219)
(43,-604,-214)
(51,-606,-207)
(45,-606,-216)
(41,-612,-212)
(31,-604,-210)
(46,-610,-207)
(38,-611,-216)
