(45,-545,-235)
(38,-559,-236)
(44,-546,-237)
(37,-544,-245)
(36,-540,-242)
(39,-539,-236)
(31,-555,-243)
(44,-538,-233)
(42,-547,-236)
(34,-552,-243)
(42,-539,-249)
(43,-546,-235)
(39,-545,-238)
(38,-551,-238)
(31,-548,-239)
(35,-554,-244)
(31,-548,-246)
(32,-548,-244)
(43,-537,-236)
(37,-549,-246)
(37,-552,-238)
(43,-548,-236)
(41,-544,-232)
(41,-551,-248)
(47,-547,-238)
(39,-556,-247)
(43,-552,-237)
(53,-545,-233)
(55,-539,-232)
(54,-561,-242)
(59,-541,-246)
(61,-541,-246)
(73,-548,-239)
(61,-546,-234)
(80,-548,-244)
(80,-542,-246)
(79,-551,-246)
(94,-555,-235)
(92,-544,-229)
(93,-537,-232)
(101,-545,-237)
(93,-536,-234)
(101,-548,-230)
(109,-543,-226)
(128,-537,-218)
(127,-534,-229)
(130,-534,-228)
(145,-536,-217)
(143,-531,-224)
(158,-526,-228)
(156,-525,-216)
(169,-537,-224)
(171,-524,-214)
(186,-522,-213)
(190,-522,-216)
(199,-518,-200)
(196,-512,-205)
(214,-510,-209)
(221,-511,-209)
(222,-502,-205)
(233,-495,-207)
(246,-485,-206)
(243,-487,-205)
(254,-474,-200)
(250,-481,-195)
(272,-472,-191)
(277,-459,-195)
(286,-455,-202)
(287,-462,-191)
(292,-456,-181)
(299,-430,-191)
(314,-447,-186)
(313,-435,-184)
(321,-419,-186)
(329,-414,-187)
(343,-402,-174)
(352,-399,-181)
(358,-398,-175)
(363,-386,-170)
(364,-366,-187)
(380,-355,-184)
(378,-366,-173)
(390,-344,-173)
(389,-323,-166)
(397,-325,-178)
(412,-308,-168)
(410,-302,-167)
(405,-290,-170)
(425,-289,-167)
(423,-270,-163)
(428,-260,-163)
(430,-256,-167)
(446,-235,-162)
(445,-226,-157)
(447,-208,-162)
(441,-207,-159)
(448,-185,-162)
(454,-180,-166)
(457,-167,-165)
(460,-151,-159)
(464,-136,-159)
(464,-133,-164)
(456,-119,-172)
(466,-102,-152)
(465,-91,-170)
(461,-89,-166)
(473,-59,-153)
(472,-46,-165)
(470,-28,-158)
(466,-28,-156)
(466,-13,-173)
(460,-8,-161)
(465,10,-156)
(458,21,-155)
(458,37,-174)
(454,41,-175)
(458,53,-172)
(463,55,-166)
(456,66,-175)
(453,92,-174)
(442,98,-170)
(444,100,-171)
(435,122,-172)
(438,119,-173)
(429,132,-179)
(430,138,-183)
(428,142,-181)
(420,167,-176)
(411,177,-182)
(418,174,-177)
(412,178,-187)
(404,192,-179)
(398,191,-192)
(399,209,-195)
(392,212,-192)
(393,219,-181)
(368,228,-197)
(373,235,-198)
(368,245,-197)
(370,243,-182)
(371,256,-192)
(364,256,-193)
(351,253,-211)
(345,266,-202)
(348,263,-196)
(336,273,-199)
(326,289,-206)
(333,272,-197)
(325,287,-206)
(319,285,-210)
(309,290,-209)
(301,306,-215)
(301,308,-215)
(298,305,-213)
(293,306,-211)
(295,310,-215)
(293,310,-226)
(279,312,-217)
(281,321,-225)
(272,316,-221)
(275,321,-224)
(258,333,-218)
(257,322,-217)
(260,323,-217)
(246,327,-221)
(252,331,-226)
(254,325,-220)
(248,331,-218)
(247,329,-217)
(232,328,-235)
(226,337,-217)
(225,328,-227)
(233,326,-227)
(226,333,-226)
(217,332,-228)
(218,340,-223)
(217,332,-227)
(217,324,-235)
(218,336,-229)
(217,336,-224)
(214,331,-232)
(201,321,-227)
(205,324,-234)
(206,333,-234)
(196,330,-237)
(210,324,-235)
(208,323,-233)
(201,323,-229)
(207,317,-232)
(202,319,-233)
(203,315,-229)
(204,320,-233)
(213,310,-231)
(210,317,-224)
(217,308,-230)
(215,310,-223)
(217,309,-231)
(206,312,-228)
(201,313,-215)
(206,305,-228)
(215,321,-235)
(219,304,-223)
(223,307,-220)
(217,302,-239)
(213,308,-232)
(221,312,-227)
(213,301,-226)
(221,304,-229)
(231,298,-236)
(234,305,-221)
(224,291,-224)
(244,295,-216)
(239,301,-225)
(244,299,-227)
(251,295,-217)
(250,286,-213)
(261,291,-221)
(264,290,-219)
(267,287,-209)
(272,279,-214)
(288,286,-208)
(290,270,-207)
(287,279,-209)
(291,270,-210)
(298,263,-203)
(301,258,-200)
(306,259,-197)
(312,246,-201)
(322,247,-201)
(322,248,-188)
(334,242,-200)
(345,234,-182)
(338,229,-191)
(354,217,-190)
(354,220,-189)
(355,205,-183)
(374,203,-181)
(371,194,-187)
(376,180,-179)
(381,179,-167)
(396,169,-172)
(395,169,-171)
(400,156,-158)
(404,154,-162)
(405,142,-156)
(409,138,-154)
(427,121,-152)
(419,119,-153)
(431,108,-152)
(424,104,-150)
(441,90,-144)
(439,77,-141)
(443,60,-138)
(453,58,-138)
(456,46,-135)
(445,34,-129)
(451,14,-133)
(453,12,-136)
(460,1,-121)
(465,-2,-119)
(470,-18,-118)
(461,-29,-121)
(460,-44,-114)
(466,-51,-120)
(466,-64,-111)
(462,-64,-116)
(458,-83,-104)
(469,-85,-111)
(470,-94,-109)
(468,-117,-102)
(478,-114,-103)
(478,-133,-96)
(464,-154,-97)
(463,-156,-105)
(468,-176,-94)
(463,-181,-103)
(466,-185,-104)
(459,-200,-94)
(466,-210,-103)
(456,-220,-104)
(450,-227,-107)
(458,-244,-106)
(444,-254,-108)
(444,-261,-110)
(449,-262,-108)
(447,-282,-113)
(441,-282,-122)
(432,-306,-111)
(423,-302,-122)
(425,-326,-122)
(426,-326,-128)
(410,-339,-125)
(411,-349,-129)
(405,-362,-117)
(400,-367,-137)
(397,-369,-140)
(398,-389,-138)
(388,-393,-135)
(386,-393,-138)
(372,-416,-142)
(372,-426,-141)
(373,-431,-149)
(362,-441,-138)
(350,-448,-153)
(348,-461,-157)
(335,-458,-159)
(331,-471,-147)
(327,-468,-159)
(327,-487,-156)
(314,-496,-159)
(311,-494,-157)
(302,-504,-156)
(291,-512,-160)
(296,-510,-168)
(290,-511,-166)
(281,-521,-171)
(279,-524,-169)
(279,-521,-171)
(274,-525,-185)
(270,-521,-175)
(269,-527,-181)
(267,-528,-184)
(270,-534,-184)
(274,-526,-196)
(262,-529,-185)
(259,-533,-184)
(260,-531,-181)
(262,-537,-196)
(262,-538,-194)
(256,-542,-195)
(254,-549,-195)
(251,-535,-201)
(243,-543,-201)
(244,-546,-205)
(243,-539,-214)
(248,-541,-206)
(243,-554,-203)
(235,-551,-211)
(235,-560,-215)
(232,-547,-214)
(233,-560,-201)
(231,-556,-213)
(218,-557,-208)
(220,-560,-205)
(216,-559,-212)
(217,-562,-225)
(210,-567,-214)
(201,-561,-218)
(198,-574,-215)
(200,-564,-214)
(193,-573,-209)
(189,-571,-217)
(185,-571,-215)
(181,-570,-218)
(174,-585,-217)
(179,-574,-224)
(173,-586,-220)
(164,-587,-228)
(165,-588,-214)
(151,-585,-218)
(158,-580,-210)
(155,-586,-219)
(150,-593,-217)
(148,-595,-219)
(134,-594,-212)
(143,-597,-215)
(141,-595,-217)
(138,-591,-222)
(120,-594,-209)
(126,-597,-220)
(114,-611,-202)
(127,-603,-211)
(111,-602,-218)
(116,-606,-213)
(106,-603,-216)
(107,-611,-219)
(106,-597,-207)
(98,-605,-211)
(99,-610,-212)
(91,-599,-208)
(92,-610,-211)
(89,-610,-207)
(86,-609,-215)
(81,-604,-216)
(81,-606,-213)
(75,-602,-216)
(93,-607,-225)
(76,-612,-218)
(70,-605,-208)
(72,-609,-218)
(65,-615,-214)
(60,-609,-206)
(67,-601,-215)
(67,-613,-208)
(62,-603,-210)
(69,-611,-205)
(62,-604,-211)
(55,-615,-212)
(52,-619,-211)
(52,-607,-209)
(58,-614,-223)
(59,-608,-211)
(69,-615,-213)
(58,-609,-208)
(51,-605,-216)
(54,-617,-213)
(51,-618,-219)
(48,-605,-221)
(55,-611,-209)
(53,-621,-206)
(57,-619,-212)
(48,-609,-213)
(41,-608,-222)
(44,-607,-209)
(38,-609,-216)
(46,-603,-209)
(44,-611,-214)
(49,-616,-214)
(37,-609,-215)
(50,-614,-213)
(47,-608,-216)
(43,-619,-201)
(43,-611,-211)
(42,-606,-216)
(48,-613,-204)
(41,-613,-211)
(47,-612,-208)
(34,-618,-205)
(38,-616,-211)
