(389,-106,-211)
(383,-108,-217)
(380,-99,-218)
(381,-113,-215)
(383,-97,-209)
(374,-98,-212)
(384,-103,-222)
(380,-108,-214)
(387,-101,-212)
(388,-102,-224)
(397,-106,-213)
(385,-106,-212)
(396,-108,-219)
(388,-100,-211)
(390,-110,-220)
(392,-101,-222)
(387,-107,-209)
(390,-103,-212)
(389,-106,-220)
(392,-94,-217)
(383,-101,-219)
(381,-102,-223)
(386,-107,-214)
(389,-105,-217)
(386,-98,-217)
(382,-111,-218)
(380,-109,-215)
(386,-108,-216)
(392,-100,-228)
(386,-92,-221)
(391,-99,-217)
(378,-101,-216)
(385,-98,-213)
(382,-100,-222)
(393,-99,-219)
(390,-98,-217)
(387,-96,-223)
(386,-97,-215)
(375,-92,-215)
(383,-89,-211)
(387,-85,-214)
(387,-92,-214)
(387,-86,-218)
(392,-88,-216)
(392,-77,-221)
(394,-75,-219)
(393,-74,-212)
(394,-68,-218)
(402,-63,-211)
(396,-61,-215)
(391,-63,-207)
(404,-53,-202)
(398,-55,-208)
(388,-42,-196)
(400,-57,-200)
(406,-49,-193)
(398,-45,-193)
(404,-33,-195)
(403,-33,-189)
(411,-26,-191)
(413,-27,-187)
(416,-23,-184)
(407,-16,-187)
(408,-14,-182)
(415,-16,-170)
(416,-10,-165)
(424,5,-159)
(430,3,-161)
(416,4,-160)
(418,10,-149)
(429,12,-152)
(428,17,-140)
(432,12,-147)
(428,24,-136)
(429,21,-120)
(423,26,-113)
(436,31,-115)
(445,29,-113)
(441,35,-106)
(432,41,-103)
(440,48,-95)
(450,51,-80)
(439,44,-70)
(455,55,-71)
(450,48,-58)
(452,55,-43)
(447,54,-43)
(451,67,-42)
(456,73,-28)
(466,61,-14)
(463,76,-7)
(468,70,-4)
(460,79,15)
(480,79,25)
(466,78,33)
(472,91,52)
(471,98,58)
(474,94,71)
(471,99,88)
(468,103,93)
(478,114,98)
(461,112,112)
(466,115,108)
(468,117,132)
(467,132,139)
(474,125,152)
(462,132,161)
(468,133,175)
(464,142,181)
(460,142,195)
(454,147,201)
(461,154,219)
(457,143,230)
(435,169,243)
(446,158,264)
(438,162,258)
(438,174,271)
(433,180,280)
(441,175,294)
(435,173,290)
(431,176,302)
(421,180,304)
(414,190,306)
(411,185,330)
(418,195,325)
(409,198,331)
(394,202,333)
(401,201,343)
(400,206,343)
(400,203,349)
(386,202,361)
(387,207,347)
(394,206,371)
(393,206,372)
(381,211,361)
(394,198,369)
(383,204,372)
(381,211,372)
(384,201,374)
(390,202,382)
(390,180,383)
(392,180,384)
(385,185,384)
(388,174,394)
(394,170,386)
(392,161,391)
(381,172,384)
(387,161,392)
(394,168,390)
(397,163,395)
(398,155,394)
(398,157,392)
(394,151,389)
(396,150,393)
(385,159,397)
(382,145,396)
(394,144,392)
(389,146,389)
(397,158,396)
(391,150,395)
(391,149,393)
(391,156,393)
(389,151,401)
(394,153,380)
(385,158,388)
(391,159,385)
(396,166,395)
(387,163,383)
(394,163,389)
(386,178,382)
(393,179,379)
(392,172,374)
(388,184,374)
(381,190,377)
(383,190,377)
(390,195,358)
(384,196,371)
(389,203,373)
(387,213,356)
(383,211,370)
(385,225,365)
(385,224,352)
(385,222,351)
(384,227,350)
(381,232,354)
(381,227,348)
(377,237,348)
(383,233,345)
(374,249,347)
(383,255,345)
(374,247,344)
(369,258,346)
(375,258,339)
(378,264,338)
(364,253,335)
(373,261,328)
(379,276,335)
(374,270,333)
(368,269,324)
(375,269,321)
(373,270,325)
(381,273,317)
(373,279,321)
(375,277,319)
(374,269,330)
(371,279,321)
(383,280,321)
(365,283,317)
(376,295,315)
(379,283,314)
(380,275,313)
(371,285,304)
(381,285,302)
(394,275,301)
(396,282,299)
(385,275,294)
(399,279,288)
(388,284,286)
(395,282,288)
(401,274,275)
(418,267,266)
(421,270,273)
(413,270,265)
(412,269,259)
(423,262,257)
(428,266,258)
(433,255,245)
(437,261,227)
(440,256,231)
(448,251,215)
(451,256,206)
(464,247,202)
(468,240,198)
(467,238,192)
(478,229,176)
(475,227,177)
(484,226,165)
(493,214,152)
(488,210,146)
(496,202,136)
(503,210,132)
(516,196,126)
(510,183,105)
(511,175,100)
(512,169,94)
(523,174,93)
(523,158,78)
(536,147,81)
(535,138,58)
(530,130,60)
(532,125,53)
(531,121,42)
(533,129,30)
(536,110,25)
(534,96,21)
(542,92,13)
(542,87,2)
(537,79,-5)
(541,76,-12)
(539,65,-25)
(550,59,-36)
(551,64,-40)
(544,44,-57)
(542,29,-66)
(551,19,-79)
(538,26,-84)
(542,22,-87)
(545,13,-100)
(532,5,-108)
(528,-1,-126)
(532,-4,-126)
(531,-13,-142)
(538,-16,-155)
(529,-15,-153)
(524,-24,-165)
(521,-25,-174)
(522,-32,-187)
(518,-49,-190)
(507,-43,-199)
(508,-50,-206)
(512,-50,-207)
(512,-70,-217)
(503,-59,-222)
(508,-69,-229)
(500,-78,-232)
(504,-83,-235)
(485,-77,-249)
(495,-76,-253)
(490,-94,-260)
(490,-100,-259)
(489,-96,-253)
(477,-102,-268)
(480,-110,-261)
(472,-116,-285)
(476,-121,-283)
(474,-123,-278)
(470,-128,-278)
(465,-127,-280)
(470,-143,-289)
(462,-137,-287)
(462,-141,-284)
(466,-144,-295)
(457,-148,-291)
(452,-145,-298)
(447,-145,-290)
(446,-154,-290)
(453,-147,-302)
(451,-154,-300)
(444,-162,-295)
(445,-157,-295)
(441,-168,-300)
(436,-164,-314)
(440,-162,-303)
(439,-167,-304)
(445,-156,-298)
(443,-163,-298)
(443,-160,-298)
(432,-161,-304)
(435,-158,-308)
(432,-163,-299)
(433,-159,-311)
(435,-164,-309)
(425,-159,-299)
(433,-158,-308)
(438,-166,-300)
(436,-157,-297)
(437,-148,-308)
(431,-155,-301)
(442,-152,-295)
(436,-157,-297)
(435,-152,-295)
(437,-151,-298)
(431,-157,-296)
(431,-148,-295)
(443,-152,-298)
(438,-151,-290)
(430,-155,-291)
(424,-159,-297)
(431,-151,-293)
(434,-153,-288)
(437,-162,-294)
(440,-152,-290)
(432,-155,-291)
(432,-150,-284)
(431,-161,-288)
(430,-151,-284)
(428,-142,-282)
(436,-154,-283)
(441,-156,-287)
(433,-155,-295)
(433,-158,-283)
(436,-155,-282)
(430,-144,-291)
(443,-159,-290)
(436,-144,-284)
(438,-151,-287)
(435,-152,-290)
(438,-150,-287)
(439,-155,-289)
(435,-144,-287)
(438,-150,-286)
(435,-144,-300)
(435,-151,-292)
(431,-157,-297)
(434,-147,-282)
(432,-143,-293)
(438,-155,-278)
(438,-153,-296)
(432,-148,-291)
(427,-144,-287)
(433,-154,-294)
(430,-143,-294)
(431,-152,-284)
(429,-158,-294)
(442,-154,-294)
(428,-147,-294)
(438,-152,-286)
(432,-160,-294)
(439,-148,-289)
(433,-156,-292)
(437,-160,-297)
(433,-152,-291)
(432,-157,-297)
(438,-148,-297)
