(394,-108,-223)
(378,-108,-217)
(374,-100,-220)
(381,-103,-221)
(391,-106,-218)
(391,-105,-217)
(384,-102,-217)
(382,-100,-219)
(389,-113,-218)
(384,-106,-214)
(381,-99,-214)
(379,-108,-224)
(397,-104,-212)
(387,-108,-218)
(382,-101,-218)
(388,-106,-218)
(392,-100,-223)
(379,-102,-213)
(387,-97,-221)
(387,-109,-209)
(383,-96,-225)
(392,-107,-225)
(388,-102,-220)
(379,-103,-217)
(387,-109,-215)
(384,-104,-217)
(376,-103,-215)
(385,-113,-226)
(386,-99,-232)
(383,-103,-220)
(390,-105,-221)
(387,-107,-211)
(380,-103,-228)
(384,-99,-212)
(383,-102,-220)
(384,-95,-232)
(390,-103,-224)
(389,-95,-216)
(393,-96,-218)
(380,-92,-221)
(386,-90,-218)
(392,-91,-212)
(392,-83,-227)
(386,-80,-214)
(391,-81,-210)
(396,-73,-209)
(384,-75,-212)
(396,-74,-208)
(394,-73,-216)
(408,-67,-208)
(402,-58,-213)
(394,-57,-211)
(401,-63,-211)
(398,-51,-209)
(405,-43,-194)
(407,-45,-201)
(398,-40,-200)
(402,-34,-190)
(411,-23,-189)
(403,-25,-198)
(408,-25,-187)
(406,-21,-181)
(410,-22,-183)
(410,-17,-182)
(411,-6,-184)
(408,-9,-169)
(410,-2,-161)
(412,8,-159)
(424,1,-167)
(421,2,-151)
(425,9,-146)
(419,13,-139)
(429,17,-147)
(425,17,-135)
(433,20,-133)
(433,37,-130)
(434,31,-119)
(431,29,-110)
(439,34,-104)
(441,40,-99)
(448,49,-92)
(449,40,-81)
(448,53,-82)
(455,46,-79)
(452,58,-67)
(454,56,-63)
(457,71,-44)
(460,53,-24)
(451,65,-20)
(454,75,-12)
(468,73,-11)
(456,72,9)
(468,83,10)
(467,85,22)
(471,84,29)
(464,92,46)
(470,99,56)
(468,93,62)
(468,106,91)
(465,101,92)
(467,110,97)
(460,112,114)
(467,121,118)
(461,126,132)
(464,120,141)
(460,126,161)
(471,122,166)
(466,132,174)
(467,148,182)
(457,136,197)
(458,141,207)
(455,149,208)
(449,156,221)
(450,148,243)
(446,163,258)
(441,161,250)
(437,173,275)
(446,175,276)
(440,174,287)
(419,171,296)
(430,186,305)
(420,180,309)
(420,188,317)
(416,202,324)
(414,183,335)
(406,194,329)
(407,193,342)
(417,191,337)
(406,213,344)
(397,206,351)
(402,204,356)
(395,210,363)
(392,203,361)
(389,208,364)
(386,205,365)
(389,211,371)
(381,208,371)
(387,200,373)
(389,202,381)
(397,194,374)
(386,189,375)
(391,187,384)
(384,182,384)
(385,174,394)
(380,171,383)
(383,166,390)
(383,166,387)
(389,172,403)
(388,154,398)
(377,154,384)
(386,153,395)
(398,149,390)
(396,154,394)
(396,141,404)
(388,143,395)
(392,144,401)
(399,142,397)
(398,159,395)
(398,154,395)
(396,139,393)
(397,156,390)
(387,157,392)
(383,153,382)
(399,154,387)
(385,159,384)
(389,159,385)
(395,166,381)
(395,164,384)
(389,162,385)
(393,170,395)
(398,183,377)
(388,184,379)
(394,195,369)
(389,194,386)
(397,196,363)
(401,188,361)
(389,198,364)
(391,207,366)
(382,213,368)
(392,211,355)
(394,214,355)
(383,214,354)
(385,223,359)
(378,223,358)
(394,231,355)
(378,235,353)
(384,236,351)
(385,243,348)
(381,247,344)
(376,243,343)
(386,251,336)
(373,253,344)
(376,257,337)
(382,258,323)
(375,270,339)
(372,271,336)
(371,265,330)
(379,267,323)
(373,264,329)
(366,273,329)
(369,275,325)
(371,279,325)
(374,277,328)
(369,288,328)
(375,279,314)
(363,275,327)
(371,276,320)
(380,284,312)
(370,288,319)
(373,286,308)
(383,282,314)
(385,283,309)
(387,287,309)
(391,279,304)
(386,284,301)
(392,279,284)
(392,276,294)
(407,277,295)
(403,279,289)
(402,271,283)
(411,278,277)
(417,274,266)
(419,268,271)
(418,259,263)
(434,275,249)
(428,265,250)
(433,261,234)
(437,253,234)
(444,259,236)
(443,251,221)
(444,243,212)
(465,239,205)
(464,236,196)
(470,233,189)
(479,229,173)
(482,228,170)
(474,221,169)
(499,224,154)
(494,215,155)
(497,196,140)
(517,200,127)
(504,191,131)
(505,177,118)
(514,183,106)
(510,180,106)
(513,156,89)
(527,158,73)
(524,150,77)
(532,141,75)
(534,135,55)
(532,128,47)
(530,132,35)
(536,118,39)
(543,111,11)
(541,101,26)
(535,99,7)
(543,86,-1)
(540,79,-5)
(548,77,-13)
(536,68,-14)
(550,62,-28)
(549,59,-43)
(546,46,-57)
(533,42,-69)
(541,25,-74)
(541,22,-85)
(544,21,-93)
(538,25,-96)
(528,0,-122)
(543,3,-120)
(540,0,-124)
(528,-11,-140)
(531,-9,-140)
(532,-15,-150)
(523,-34,-175)
(523,-27,-169)
(526,-35,-180)
(515,-36,-197)
(529,-53,-194)
(521,-51,-206)
(516,-56,-221)
(505,-54,-218)
(509,-69,-227)
(511,-69,-232)
(501,-74,-235)
(505,-84,-244)
(491,-82,-237)
(492,-87,-242)
(493,-78,-254)
(485,-98,-253)
(487,-99,-262)
(485,-106,-269)
(483,-113,-263)
(471,-115,-274)
(469,-131,-276)
(469,-128,-276)
(472,-133,-280)
(464,-134,-284)
(464,-134,-288)
(458,-134,-294)
(458,-143,-291)
(461,-147,-291)
(453,-153,-297)
(456,-145,-302)
(456,-148,-293)
(443,-152,-304)
(440,-143,-308)
(451,-156,-292)
(445,-154,-294)
(445,-171,-291)
(447,-157,-295)
(447,-164,-299)
(440,-162,-298)
(440,-161,-304)
(437,-166,-302)
(439,-169,-297)
(441,-165,-303)
(443,-165,-292)
(439,-160,-300)
(441,-167,-304)
(430,-165,-300)
(439,-160,-313)
(438,-154,-308)
(435,-154,-301)
(439,-155,-296)
(446,-156,-320)
(434,-154,-303)
(443,-155,-305)
(436,-147,-296)
(440,-160,-299)
(432,-157,-299)
(429,-150,-297)
(428,-145,-294)
(437,-152,-294)
(435,-151,-290)
(429,-156,-291)
(443,-149,-292)
(439,-151,-298)
(443,-149,-289)
(432,-149,-301)
(431,-154,-292)
(430,-154,-284)
(431,-152,-290)
(433,-144,-290)
(436,-162,-280)
(438,-157,-283)
(437,-151,-283)
(443,-158,-297)
(440,-154,-290)
(436,-147,-281)
(430,-156,-287)
(442,-155,-287)
(434,-152,-291)
(436,-154,-283)
(446,-152,-293)
(441,-149,-292)
(442,-151,-293)
(439,-152,-293)
(433,-150,-288)
(424,-154,-293)
(446,-151,-284)
(439,-150,-292)
(433,-156,-287)
(427,-150,-290)
(435,-152,-293)
(433,-153,-291)
(430,-147,-291)
(434,-140,-296)
(442,-151,-292)
(428,-154,-282)
(446,-145,-289)
(435,-153,-289)
(440,-150,-298)
(436,-154,-290)
(437,-145,-282)
(429,-146,-300)
(433,-151,-288)
(432,-153,-292)
(430,-149,-294)
(428,-148,-290)
(425,-151,-285)
(431,-150,-290)
(432,-167,-289)
(436,-152,-290)
