(413,-195,-275)
(419,-192,-260)
(420,-195,-261)
(422,-186,-265)
(430,-204,-264)
(415,-187,-260)
(418,-198,-252)
(431,-193,-263)
(422,-194,-254)
(423,-192,-260)
(425,-194,-260)
(430,-189,-254)
(422,-198,-262)
(426,-192,-259)
(428,-192,-251)
(417,-192,-262)
(422,-186,-253)
(425,-200,-268)
(427,-202,-253)
(421,-194,-254)
(418,-193,-261)
(430,-191,-248)
(424,-191,-264)
(427,-200,-263)
(419,-197,-267)
(421,-199,-262)
(427,-192,-258)
(422,-187,-263)
(434,-197,-257)
(429,-192,-259)
(431,-187,-257)
(423,-191,-260)
(419,-191,-255)
(423,-198,-256)
(430,-188,-262)
(426,-175,-262)
(426,-202,-260)
(423,-192,-262)
(420,-186,-249)
(425,-191,-259)
(427,-192,-255)
(420,-185,-254)
(423,-185,-262)
(431,-185,-250)
(426,-185,-262)
(428,-181,-258)
(432,-183,-252)
(429,-181,-256)
(425,-171,-260)
(436,-174,-270)
(428,-181,-259)
(426,-179,-262)
(437,-175,-256)
(426,-170,-263)
(437,-172,-257)
(431,-167,-251)
(429,-170,-262)
(431,-159,-266)
(431,-163,-263)
(435,-157,-267)
(435,-161,-254)
(429,-156,-256)
(427,-154,-260)
(439,-160,-262)
(441,-150,-253)
(449,-159,-242)
(441,-164,-247)
(443,-154,-259)
(440,-150,-260)
(445,-148,-236)
(452,-153,-236)
(441,-148,-245)
(449,-160,-237)
(445,-154,-241)
(449,-134,-230)
(448,-146,-230)
(444,-138,-232)
(445,-141,-219)
(457,-147,-212)
(447,-133,-212)
(450,-141,-213)
(460,-144,-213)
(448,-144,-205)
(452,-124,-200)
(456,-140,-207)
(457,-139,-196)
(458,-123,-183)
(450,-132,-187)
(461,-140,-188)
(463,-124,-186)
(469,-133,-186)
(461,-118,-179)
(466,-117,-192)
(464,-117,-169)
(464,-106,-169)
(472,-109,-173)
(473,-116,-155)
(476,-97,-164)
(472,-91,-163)
(478,-94,-157)
(484,-91,-157)
(476,-81,-147)
(474,-82,-149)
(475,-88,-153)
(469,-82,-135)
(476,-83,-141)
(481,-71,-132)
(474,-63,-146)
(477,-69,-130)
(477,-66,-130)
(486,-62,-123)
(478,-56,-117)
(480,-47,-115)
(479,-44,-118)
(480,-42,-117)
(480,-33,-109)
(475,-33,-104)
(484,-20,-96)
(477,-28,-100)
(482,-14,-90)
(477,-13,-93)
(492,-19,-98)
(487,-12,-85)
(484,-8,-88)
(479,0,-86)
(493,-4,-83)
(486,8,-89)
(489,13,-78)
(477,20,-69)
(484,24,-68)
(484,29,-68)
(475,22,-58)
(475,39,-55)
(476,57,-44)
(480,63,-61)
(483,65,-50)
(472,61,-36)
(477,63,-40)
(471,76,-33)
(469,71,-21)
(471,80,-20)
(471,89,-18)
(473,93,-16)
(473,105,-8)
(462,112,1)
(470,121,-6)
(464,119,0)
(464,121,5)
(457,129,5)
(470,141,11)
(465,146,10)
(465,147,29)
(452,149,37)
(452,147,26)
(461,166,29)
(454,167,33)
(447,167,43)
(441,176,50)
(448,187,51)
(443,183,48)
(437,190,63)
(435,205,71)
(436,212,74)
(427,205,76)
(427,206,73)
(415,199,77)
(420,216,83)
(422,226,85)
(420,227,93)
(410,228,94)
(418,232,109)
(416,236,105)
(414,236,98)
(412,236,117)
(400,250,125)
(404,255,123)
(403,246,138)
(401,253,133)
(392,251,144)
(406,265,149)
(395,264,148)
(385,264,145)
(395,263,150)
(389,270,168)
(401,269,168)
(381,271,170)
(388,281,173)
(382,267,177)
(385,278,190)
(383,276,182)
(381,268,189)
(380,283,199)
(369,284,195)
(374,276,198)
(374,294,212)
(379,281,207)
(374,291,206)
(376,276,206)
(365,284,209)
(363,288,215)
(361,294,216)
(361,291,221)
(370,288,222)
(366,291,227)
(364,288,225)
(376,289,223)
(362,295,227)
(363,288,224)
(360,292,226)
(358,300,240)
(364,298,234)
(369,300,238)
(375,298,226)
(367,309,237)
(365,303,234)
(364,307,231)
(369,303,240)
(362,307,231)
(368,304,232)
(361,307,233)
(363,300,241)
(372,310,231)
(357,308,238)
(358,305,235)
(375,315,236)
(363,317,242)
(381,301,233)
(367,312,242)
(369,304,231)
(376,308,233)
(374,303,241)
(369,320,235)
(363,317,229)
(372,307,231)
(364,316,240)
(369,310,225)
(372,310,222)
(379,307,217)
(382,308,230)
(377,315,231)
(377,305,231)
(383,315,220)
(390,308,234)
(381,315,219)
(391,316,215)
(391,310,230)
(383,306,227)
(376,306,220)
(388,314,219)
(389,298,222)
(393,306,212)
(394,309,203)
(397,307,213)
(399,291,216)
(396,300,211)
(397,292,210)
(404,297,215)
(407,292,217)
(402,302,214)
(416,293,202)
(404,290,208)
(418,291,198)
(422,298,206)
(418,281,201)
(422,279,197)
(424,282,206)
(430,276,194)
(431,270,193)
(427,269,178)
(430,257,193)
(436,261,197)
(441,265,189)
(443,256,176)
(451,257,184)
(453,255,187)
(443,241,181)
(450,245,169)
(456,236,179)
(460,246,173)
(461,232,162)
(457,240,163)
(475,227,164)
(465,237,162)
(471,220,161)
(465,226,154)
(476,212,160)
(476,212,148)
(485,212,142)
(485,203,139)
(481,211,145)
(491,195,126)
(489,195,136)
(494,188,126)
(499,179,115)
(511,183,124)
(501,184,105)
(506,169,113)
(505,168,105)
(511,172,96)
(513,168,104)
(506,166,92)
(512,145,90)
(513,155,81)
(525,141,87)
(510,140,66)
(524,138,62)
(523,126,57)
(527,131,54)
(518,118,47)
(527,113,40)
(536,119,47)
(525,115,32)
(537,100,37)
(530,99,18)
(536,102,17)
(536,97,20)
(533,79,2)
(538,72,3)
(530,71,-3)
(539,62,-14)
(543,72,-10)
(547,59,-26)
(544,47,-27)
(544,47,-31)
(532,40,-42)
(542,36,-46)
(530,35,-56)
(544,34,-50)
(539,23,-64)
(543,29,-63)
(539,15,-87)
(543,2,-83)
(550,-4,-97)
(545,-3,-99)
(544,-9,-105)
(541,-4,-112)
(537,-12,-111)
(538,-16,-116)
(538,-33,-132)
(532,-38,-131)
(536,-34,-127)
(542,-46,-136)
(540,-53,-145)
(529,-47,-161)
(528,-47,-145)
(526,-55,-168)
(523,-54,-175)
(525,-66,-181)
(521,-79,-176)
(522,-83,-188)
(522,-84,-181)
(521,-89,-201)
(512,-86,-189)
(514,-95,-207)
(510,-98,-196)
(518,-97,-208)
(509,-105,-210)
(508,-111,-219)
(502,-111,-224)
(509,-112,-218)
(508,-125,-222)
(504,-121,-225)
(507,-131,-230)
(505,-127,-233)
(512,-139,-227)
(506,-134,-230)
(502,-145,-235)
(502,-145,-230)
(498,-158,-234)
(490,-159,-237)
(499,-155,-240)
(491,-162,-239)
(485,-165,-238)
(493,-162,-238)
(496,-167,-242)
(494,-165,-230)
(494,-173,-238)
(488,-170,-238)
(484,-176,-241)
(489,-170,-232)
(491,-174,-234)
(485,-182,-230)
(484,-188,-227)
(482,-181,-227)
(486,-180,-238)
(487,-178,-237)
(486,-185,-228)
(488,-183,-226)
(483,-193,-222)
(485,-194,-233)
(488,-194,-227)
(491,-196,-220)
(485,-185,-228)
(479,-190,-234)
(478,-191,-225)
(486,-188,-230)
(491,-195,-219)
(483,-187,-228)
(487,-185,-220)
(487,-192,-215)
(482,-183,-222)
(480,-194,-225)
(481,-192,-215)
(492,-185,-213)
(484,-187,-218)
(483,-186,-220)
(485,-192,-222)
(479,-180,-218)
(485,-191,-218)
(493,-189,-215)
(475,-203,-212)
(482,-183,-219)
(480,-193,-216)
(489,-193,-214)
(488,-197,-216)
(482,-191,-219)
(487,-184,-218)
(486,-186,-217)
(490,-188,-212)
(486,-186,-218)
(496,-196,-219)
(486,-188,-211)
(489,-196,-217)
(481,-195,-223)
(481,-187,-212)
(480,-185,-216)
(488,-192,-216)
(491,-188,-209)
(502,-196,-220)
(497,-190,-214)
(484,-190,-214)
(492,-195,-217)
(492,-195,-206)
(484,-187,-218)
(478,-192,-216)
(485,-188,-219)
(485,-189,-212)
(486,-191,-209)
(487,-194,-218)
(487,-191,-219)
(492,-195,-213)
