(447,-75,-435)
(449,-58,-444)
(445,-69,-439)
(444,-79,-441)
(439,-82,-435)
(442,-67,-437)
(444,-76,-431)
(426,-67,-428)
(448,-65,-444)
(442,-73,-430)
(443,-71,-432)
(435,-73,-437)
(432,-81,-435)
(442,-76,-441)
(439,-74,-438)
(444,-70,-437)
(450,-81,-437)
(441,-75,-440)
(428,-76,-435)
(449,-78,-442)
(444,-72,-437)
(453,-71,-447)
(439,-74,-438)
(444,-57,-432)
(450,-83,-432)
(454,-80,-444)
(447,-77,-434)
(441,-76,-435)
(445,-70,-434)
(448,-76,-423)
(450,-72,-429)
(448,-75,-433)
(462,-77,-424)
(446,-86,-428)
(452,-78,-415)
(452,-81,-419)
(463,-71,-418)
(457,-84,-408)
(462,-80,-411)
(463,-85,-409)
(467,-85,-390)
(465,-80,-403)
(477,-80,-385)
(469,-80,-397)
(473,-90,-379)
(475,-87,-378)
(482,-97,-377)
(481,-90,-380)
(495,-85,-356)
(489,-90,-357)
(494,-86,-350)
(502,-93,-354)
(502,-97,-342)
(503,-104,-330)
(502,-89,-328)
(514,-102,-323)
(513,-100,-326)
(517,-95,-311)
(519,-97,-305)
(523,-94,-302)
(514,-88,-297)
(523,-97,-280)
(527,-97,-286)
(522,-106,-291)
(522,-103,-276)
(531,-102,-256)
(535,-108,-252)
(539,-100,-250)
(539,-103,-249)
(544,-102,-246)
(544,-109,-232)
(543,-104,-237)
(555,-103,-225)
(549,-100,-224)
(544,-104,-224)
(551,-107,-217)
(550,-108,-213)
(555,-107,-208)
(535,-111,-198)
(554,-105,-207)
(560,-109,-194)
(550,-109,-198)
(548,-105,-180)
(561,-115,-181)
(555,-118,-169)
(553,-112,-170)
(555,-109,-165)
(560,-107,-156)
(558,-104,-162)
(559,-112,-150)
(569,-112,-146)
(571,-110,-135)
(557,-112,-141)
(567,-117,-132)
(558,-119,-137)
(566,-110,-132)
(563,-117,-124)
(564,-117,-114)
(565,-114,-105)
(563,-119,-104)
(567,-120,-107)
(577,-123,-90)
(572,-107,-91)
(569,-117,-81)
(580,-114,-74)
(575,-109,-58)
(571,-118,-57)
(570,-120,-52)
(569,-113,-52)
(567,-113,-39)
(576,-111,-56)
(575,-121,-39)
(576,-120,-18)
(572,-112,-11)
(573,-112,-11)
(579,-115,-8)
(580,-117,9)
(581,-113,7)
(574,-118,23)
(583,-119,15)
(573,-120,24)
(578,-118,32)
(574,-116,48)
(584,-114,50)
(572,-112,52)
(568,-116,48)
(569,-122,87)
(567,-119,84)
(577,-110,91)
(567,-114,106)
(568,-106,106)
(566,-108,106)
(570,-117,118)
(563,-105,135)
(569,-113,133)
(557,-105,136)
(564,-106,151)
(561,-113,156)
(555,-115,168)
(548,-114,179)
(561,-105,183)
(557,-106,198)
(551,-110,202)
(557,-110,203)
(547,-110,215)
(547,-116,222)
(545,-101,241)
(528,-99,237)
(529,-118,254)
(540,-103,255)
(530,-101,269)
(530,-98,274)
(528,-98,278)
(526,-90,286)
(515,-95,295)
(516,-96,303)
(516,-94,316)
(518,-94,309)
(512,-98,327)
(506,-94,333)
(509,-88,337)
(505,-88,345)
(480,-101,350)
(494,-89,353)
(492,-93,368)
(483,-84,369)
(477,-81,376)
(484,-87,389)
(480,-81,392)
(464,-86,398)
(463,-81,408)
(454,-73,417)
(455,-83,423)
(457,-80,421)
(445,-77,436)
(448,-74,434)
(432,-70,453)
(436,-76,451)
(429,-73,464)
(433,-62,463)
(421,-66,477)
(414,-73,477)
(395,-61,481)
(404,-65,488)
(393,-69,494)
(396,-64,515)
(377,-54,502)
(373,-57,519)
(382,-49,522)
(369,-57,520)
(380,-54,525)
(368,-38,530)
(367,-49,533)
(355,-47,545)
(348,-45,539)
(345,-42,548)
(348,-43,550)
(342,-47,556)
(336,-40,553)
(327,-49,556)
(338,-49,550)
(324,-39,562)
(319,-43,559)
(324,-36,569)
(316,-44,569)
(306,-30,577)
(308,-42,581)
(315,-37,571)
(301,-34,576)
(295,-26,577)
(304,-28,581)
(293,-35,586)
(288,-25,589)
(296,-26,595)
(285,-27,590)
(295,-30,598)
(285,-20,603)
(286,-32,595)
(278,-23,600)
(274,-26,597)
(268,-28,599)
(272,-17,603)
(270,-26,605)
(268,-25,609)
(267,-17,613)
(255,-20,605)
(272,-14,619)
(265,-14,609)
(258,-20,611)
(250,-17,611)
(263,-17,611)
(256,-13,610)
(259,-19,617)
(257,-13,616)
(252,-10,619)
(254,-11,614)
(241,-20,610)
(249,-13,604)
(239,-13,628)
(245,-3,619)
(248,-11,613)
(238,-11,612)
(246,-13,626)
(241,-26,626)
(236,-14,619)
(247,-10,617)
(241,-9,622)
(244,-11,627)
(238,-7,619)
(233,-10,621)
(237,-7,621)
(228,-19,627)
(236,-16,627)
(226,-6,618)
(237,-8,620)
(224,-18,620)
(237,-7,609)
(232,-7,637)
(248,-15,626)
(244,-13,629)
(232,-16,629)
(229,-5,626)
(244,-14,629)
(235,-15,614)
(238,-17,630)
(240,-10,627)
(236,-2,627)
(237,-7,622)
(239,-13,626)
(239,-20,628)
(233,-15,619)
(233,-19,622)
(246,-15,620)
(231,-9,616)
(245,-11,623)
(242,-16,624)
(235,-7,627)
(241,-7,625)
(250,-16,618)
(247,-6,613)
(243,-8,615)
(254,-7,612)
(246,-20,616)
(244,-19,619)
(244,-17,611)
(247,-9,604)
(263,-21,613)
(257,-15,609)
(260,-13,606)
(258,-20,615)
(263,-19,613)
(269,-18,603)
(270,-29,603)
(275,-17,602)
(278,-14,608)
(276,-28,598)
(288,-26,600)
(287,-34,589)
(281,-20,597)
(291,-31,590)
(295,-21,590)
(292,-23,585)
(299,-26,587)
(307,-37,591)
(303,-35,586)
(314,-37,581)
(318,-35,572)
(318,-30,572)
(324,-36,578)
(330,-42,566)
(338,-36,560)
(336,-42,565)
(338,-43,562)
(337,-37,541)
(352,-55,551)
(350,-32,534)
(352,-52,540)
(365,-42,531)
(364,-61,530)
(370,-50,521)
(381,-53,513)
(384,-56,515)
(396,-49,497)
(393,-59,495)
(404,-55,491)
(407,-64,480)
(416,-63,485)
(408,-70,473)
(415,-64,476)
(421,-67,466)
(429,-62,459)
(426,-74,458)
(437,-74,454)
(429,-73,443)
(441,-84,439)
(446,-85,434)
(455,-81,428)
(472,-81,414)
(458,-79,412)
(463,-82,409)
(474,-93,393)
(470,-85,382)
(489,-82,391)
(478,-92,376)
(484,-82,364)
(484,-92,355)
(493,-95,361)
(500,-94,346)
(506,-87,336)
(502,-98,325)
(506,-99,314)
(511,-99,317)
(514,-96,309)
(520,-96,301)
(518,-102,290)
(523,-104,294)
(524,-93,287)
(528,-100,268)
(529,-111,262)
(540,-99,251)
(540,-106,243)
(542,-104,236)
(545,-104,230)
(548,-109,217)
(549,-112,207)
(556,-109,198)
(544,-109,177)
(555,-107,176)
(547,-107,172)
(565,-111,180)
(553,-109,164)
(556,-107,148)
(560,-119,146)
(560,-112,134)
(570,-116,130)
(573,-116,103)
(569,-110,107)
(570,-110,108)
(576,-122,87)
(577,-124,98)
(570,-117,92)
(578,-106,73)
(562,-121,60)
(572,-116,64)
(577,-116,45)
(581,-118,38)
(584,-109,27)
(571,-113,10)
(586,-109,21)
(569,-113,9)
(573,-115,0)
(572,-115,-5)
(576,-128,-16)
(575,-116,-29)
(574,-124,-30)
(584,-114,-44)
(574,-107,-46)
(577,-112,-52)
(580,-109,-65)
(571,-108,-64)
(573,-114,-74)
(575,-116,-81)
(575,-112,-90)
(572,-114,-93)
(568,-113,-97)
(561,-107,-114)
(557,-118,-123)
(566,-107,-119)
(564,-113,-132)
(564,-104,-148)
(568,-118,-150)
(560,-105,-152)
(554,-110,-152)
(566,-116,-161)
(554,-110,-169)
(551,-110,-168)
(558,-118,-179)
(561,-111,-182)
(550,-98,-190)
(556,-112,-196)
(546,-105,-204)
(544,-102,-201)
(545,-110,-215)
(544,-94,-210)
(541,-100,-209)
(536,-101,-225)
(539,-102,-237)
(544,-92,-235)
(546,-99,-239)
(540,-101,-242)
(535,-103,-254)
(542,-112,-265)
(541,-102,-263)
(532,-92,-267)
(540,-95,-279)
(527,-104,-282)
(515,-98,-279)
(519,-98,-297)
(515,-106,-290)
(509,-99,-308)
(520,-101,-304)
(516,-99,-315)
(508,-89,-315)
(513,-88,-321)
(502,-90,-325)
(512,-89,-338)
(508,-91,-330)
(506,-91,-336)
(499,-90,-351)
(500,-92,-350)
(492,-81,-357)
(488,-87,-356)
(490,-93,-359)
(491,-92,-366)
(490,-86,-371)
(494,-92,-380)
(479,-87,-389)
(480,-74,-386)
(477,-89,-378)
(477,-88,-390)
(473,-89,-388)
(472,-74,-378)
(475,-87,-394)
(470,-88,-393)
(464,-88,-395)
(470,-75,-420)
(469,-76,-401)
(463,-69,-402)
(465,-82,-407)
(468,-73,-407)
(462,-84,-406)
(464,-86,-412)
(459,-80,-422)
(465,-85,-416)
(453,-78,-424)
(459,-82,-411)
(461,-71,-410)
(450,-87,-419)
(455,-78,-420)
(443,-78,-416)
(448,-75,-420)
(458,-82,-410)
(452,-76,-416)
(457,-81,-424)
(455,-76,-432)
(456,-81,-418)
(457,-82,-413)
(457,-76,-413)
(449,-83,-407)
(447,-75,-425)
(458,-76,-414)
(453,-69,-425)
(458,-74,-419)
(454,-82,-415)
(465,-78,-421)
(454,-75,-418)
(460,-69,-413)
(451,-87,-418)
(457,-75,-420)
(453,-78,-422)
(451,-86,-423)
(460,-81,-427)
(454,-82,-416)
(458,-74,-411)
(454,-74,-422)
