(443,-80,-437)
(441,-66,-438)
(454,-77,-437)
(446,-80,-437)
(452,-80,-440)
(444,-64,-448)
(440,-73,-434)
(453,-81,-437)
(446,-80,-436)
(442,-75,-436)
(445,-62,-444)
(443,-82,-442)
(436,-71,-443)
(442,-72,-444)
(441,-73,-442)
(441,-83,-439)
(452,-74,-436)
(444,-78,-434)
(448,-67,-432)
(446,-77,-446)
(439,-79,-435)
(450,-77,-439)
(448,-75,-437)
(446,-85,-429)
(439,-74,-432)
(446,-72,-436)
(449,-73,-436)
(453,-83,-431)
(443,-77,-434)
(447,-76,-432)
(450,-75,-427)
(454,-83,-423)
(449,-73,-423)
(455,-69,-427)
(460,-81,-422)
(456,-88,-415)
(463,-83,-417)
(471,-87,-416)
(468,-79,-403)
(470,-84,-407)
(464,-82,-397)
(464,-87,-398)
(469,-81,-399)
(478,-81,-388)
(474,-80,-380)
(476,-88,-385)
(483,-88,-369)
(481,-85,-370)
(486,-86,-367)
(485,-92,-368)
(487,-88,-359)
(504,-92,-346)
(507,-92,-343)
(502,-90,-330)
(503,-102,-339)
(509,-93,-322)
(509,-97,-314)
(516,-103,-309)
(513,-95,-307)
(515,-100,-301)
(522,-100,-298)
(525,-95,-292)
(536,-94,-284)
(530,-104,-280)
(538,-96,-277)
(533,-103,-268)
(536,-108,-255)
(538,-97,-258)
(537,-100,-242)
(541,-97,-246)
(541,-101,-238)
(542,-109,-233)
(544,-101,-221)
(543,-102,-216)
(545,-103,-219)
(542,-106,-218)
(551,-106,-200)
(549,-99,-203)
(547,-101,-205)
(556,-97,-192)
(553,-111,-190)
(554,-116,-190)
(553,-114,-179)
(552,-117,-186)
(550,-105,-174)
(553,-110,-173)
(566,-111,-166)
(563,-109,-150)
(558,-113,-153)
(560,-109,-156)
(565,-105,-134)
(564,-113,-138)
(561,-106,-137)
(563,-113,-140)
(574,-112,-116)
(563,-106,-133)
(564,-115,-119)
(568,-110,-117)
(571,-111,-104)
(562,-116,-102)
(571,-112,-98)
(572,-112,-84)
(575,-117,-83)
(569,-107,-81)
(575,-113,-77)
(573,-115,-72)
(575,-111,-60)
(579,-101,-53)
(569,-105,-53)
(569,-108,-49)
(577,-123,-42)
(584,-120,-26)
(575,-114,-25)
(578,-107,-18)
(579,-105,-21)
(582,-118,-13)
(575,-121,12)
(577,-116,7)
(577,-125,13)
(576,-112,19)
(573,-116,32)
(570,-113,34)
(568,-115,48)
(568,-117,48)
(566,-111,57)
(572,-110,56)
(581,-111,68)
(574,-103,85)
(565,-118,91)
(571,-109,98)
(568,-108,95)
(563,-116,116)
(562,-121,116)
(570,-115,130)
(562,-107,131)
(554,-114,136)
(564,-112,148)
(564,-113,165)
(558,-95,176)
(555,-121,168)
(552,-109,182)
(553,-103,199)
(551,-107,192)
(552,-109,210)
(542,-109,218)
(542,-107,230)
(534,-104,233)
(538,-106,243)
(525,-101,244)
(531,-102,258)
(537,-107,266)
(533,-94,283)
(524,-95,278)
(521,-99,286)
(525,-98,297)
(517,-103,313)
(507,-96,307)
(510,-98,310)
(501,-90,326)
(495,-92,326)
(503,-88,339)
(493,-90,347)
(494,-77,351)
(476,-90,365)
(487,-85,362)
(474,-83,379)
(482,-92,384)
(476,-88,383)
(474,-85,393)
(458,-86,400)
(464,-82,411)
(455,-73,416)
(459,-92,416)
(453,-73,431)
(454,-81,429)
(442,-80,440)
(438,-73,455)
(430,-74,459)
(433,-71,468)
(412,-74,465)
(425,-66,473)
(423,-68,478)
(412,-63,488)
(401,-57,484)
(398,-58,496)
(396,-62,500)
(379,-68,500)
(383,-53,517)
(385,-53,514)
(371,-52,530)
(373,-54,521)
(359,-54,535)
(352,-55,538)
(356,-43,532)
(354,-51,545)
(345,-46,549)
(349,-42,556)
(341,-44,539)
(334,-55,557)
(340,-39,554)
(324,-44,569)
(333,-40,563)
(324,-39,559)
(314,-32,566)
(320,-38,573)
(317,-30,574)
(312,-39,577)
(315,-29,576)
(305,-33,570)
(301,-33,581)
(291,-28,581)
(290,-40,581)
(289,-30,590)
(291,-32,581)
(286,-27,595)
(290,-28,600)
(282,-22,597)
(285,-17,603)
(276,-24,600)
(276,-26,604)
(283,-24,591)
(267,-30,602)
(272,-23,604)
(261,-16,608)
(262,-11,605)
(267,-19,604)
(266,-15,612)
(264,-8,600)
(264,-22,608)
(251,-8,602)
(252,-21,606)
(259,-18,610)
(250,-10,613)
(254,-24,616)
(253,-28,610)
(239,-23,620)
(256,-13,622)
(244,-14,606)
(248,-16,616)
(251,-7,608)
(238,-17,618)
(249,-17,617)
(240,-13,621)
(245,-13,629)
(243,-13,620)
(238,-26,623)
(231,-9,624)
(232,-4,624)
(235,-4,617)
(237,-9,621)
(240,-8,634)
(236,-6,627)
(234,-16,619)
(234,-13,616)
(233,-11,626)
(244,-7,619)
(235,-12,623)
(232,-11,629)
(233,-2,626)
(230,-5,628)
(236,-8,621)
(233,-22,628)
(234,-15,622)
(245,-12,635)
(233,-8,622)
(234,2,621)
(232,-10,627)
(228,-10,635)
(236,-16,626)
(237,-17,624)
(242,-12,627)
(239,-15,624)
(236,-14,613)
(234,-14,624)
(243,-11,625)
(234,-9,633)
(239,-15,619)
(243,-13,619)
(240,-19,619)
(251,-18,609)
(253,-12,616)
(245,-13,611)
(237,-21,624)
(242,-13,609)
(255,-20,612)
(240,-20,606)
(253,-12,609)
(252,-14,614)
(260,-20,614)
(258,-19,613)
(270,-26,611)
(272,-29,603)
(265,-17,601)
(267,-18,600)
(274,-19,596)
(268,-20,597)
(277,-26,593)
(264,-29,601)
(292,-22,595)
(296,-28,591)
(290,-25,599)
(298,-28,585)
(299,-27,587)
(301,-31,580)
(307,-37,577)
(302,-36,577)
(317,-34,573)
(322,-36,575)
(317,-27,565)
(327,-41,561)
(338,-50,562)
(337,-37,558)
(332,-39,555)
(339,-48,548)
(354,-46,547)
(358,-50,543)
(350,-45,543)
(368,-53,528)
(372,-55,525)
(369,-54,518)
(361,-52,518)
(374,-59,507)
(385,-63,509)
(397,-55,506)
(389,-59,493)
(395,-57,492)
(411,-60,488)
(414,-63,484)
(409,-71,471)
(421,-62,472)
(423,-69,461)
(435,-73,449)
(435,-67,455)
(440,-79,445)
(435,-81,439)
(444,-69,436)
(447,-88,422)
(463,-72,409)
(449,-86,418)
(459,-92,401)
(470,-80,399)
(476,-83,376)
(479,-85,380)
(485,-87,370)
(480,-81,367)
(494,-85,366)
(493,-95,354)
(498,-91,342)
(505,-93,331)
(506,-75,328)
(513,-100,326)
(507,-99,310)
(521,-95,309)
(515,-100,305)
(508,-97,291)
(513,-111,286)
(533,-92,275)
(528,-96,278)
(542,-105,255)
(541,-94,238)
(539,-107,238)
(544,-90,232)
(553,-101,222)
(551,-110,219)
(560,-113,204)
(556,-97,209)
(550,-125,192)
(557,-106,183)
(561,-107,179)
(550,-110,172)
(554,-111,169)
(560,-112,152)
(550,-107,138)
(570,-111,143)
(565,-125,133)
(568,-114,119)
(564,-115,112)
(560,-115,95)
(572,-113,100)
(571,-109,94)
(581,-113,80)
(571,-125,76)
(573,-118,60)
(572,-118,54)
(573,-110,47)
(576,-109,44)
(570,-101,24)
(588,-109,19)
(579,-123,12)
(575,-111,7)
(568,-116,-3)
(571,-120,-17)
(577,-107,-15)
(578,-121,-25)
(579,-123,-29)
(587,-116,-45)
(580,-120,-50)
(578,-118,-51)
(576,-114,-66)
(575,-121,-68)
(569,-119,-80)
(577,-115,-77)
(564,-116,-86)
(565,-118,-89)
(565,-117,-98)
(567,-120,-112)
(566,-116,-120)
(565,-111,-129)
(567,-110,-129)
(557,-118,-141)
(570,-97,-158)
(564,-118,-143)
(562,-112,-152)
(559,-109,-163)
(558,-112,-164)
(555,-102,-177)
(563,-119,-178)
(565,-110,-187)
(553,-111,-178)
(555,-106,-191)
(556,-105,-190)
(549,-113,-207)
(555,-103,-202)
(551,-101,-219)
(536,-107,-218)
(545,-109,-233)
(541,-104,-224)
(550,-111,-236)
(539,-91,-240)
(528,-98,-248)
(530,-99,-266)
(523,-108,-256)
(535,-98,-262)
(528,-102,-268)
(523,-103,-277)
(523,-99,-280)
(524,-98,-293)
(519,-108,-295)
(521,-96,-297)
(508,-93,-309)
(515,-97,-299)
(509,-100,-320)
(515,-98,-318)
(507,-101,-331)
(505,-87,-323)
(501,-85,-336)
(509,-88,-335)
(508,-91,-348)
(491,-93,-339)
(498,-91,-348)
(506,-85,-358)
(500,-83,-355)
(487,-92,-364)
(485,-89,-359)
(480,-96,-366)
(476,-98,-371)
(477,-94,-382)
(486,-85,-375)
(479,-82,-384)
(478,-94,-383)
(482,-91,-396)
(469,-80,-396)
(479,-78,-390)
(461,-77,-391)
(465,-79,-411)
(462,-89,-405)
(461,-75,-407)
(468,-72,-403)
(471,-88,-402)
(466,-88,-409)
(462,-86,-408)
(460,-83,-409)
(458,-80,-412)
(469,-92,-422)
(454,-66,-422)
(450,-79,-417)
(458,-81,-420)
(454,-77,-421)
(458,-84,-429)
(458,-82,-428)
(450,-85,-411)
(457,-74,-426)
(446,-77,-421)
(438,-87,-419)
(448,-84,-427)
(453,-88,-432)
(457,-72,-417)
(442,-69,-412)
(450,-84,-424)
(459,-67,-428)
(459,-79,-423)
(445,-80,-420)
(461,-81,-417)
(455,-84,-427)
(456,-71,-425)
(454,-76,-417)
(463,-83,-418)
(459,-80,-420)
(452,-76,-430)
(453,-76,-428)
(454,-78,-426)
(446,-82,-422)
(450,-81,-418)
(457,-71,-421)
(448,-79,-424)
