(450,-76,-419)
(442,-75,-424)
(452,-64,-420)
(451,-69,-422)
(449,-66,-431)
(456,-76,-430)
(455,-77,-439)
(453,-76,-426)
(448,-68,-421)
(454,-78,-426)
(453,-63,-419)
(450,-68,-426)
(452,-70,-426)
(456,-77,-426)
(437,-80,-417)
(435,-78,-432)
(449,-80,-424)
(435,-79,-427)
(455,-74,-424)
(460,-72,-430)
(459,-77,-429)
(448,-78,-420)
(451,-67,-431)
(440,-74,-428)
(443,-72,-422)
(463,-68,-420)
(451,-66,-431)
(457,-73,-425)
(459,-81,-421)
(456,-81,-416)
(458,-72,-420)
(462,-71,-413)
(465,-70,-417)
(461,-75,-409)
(455,-65,-418)
(461,-70,-408)
(460,-74,-407)
(468,-80,-405)
(458,-79,-404)
(470,-76,-396)
(471,-81,-393)
(476,-72,-402)
(481,-82,-386)
(475,-74,-389)
(475,-83,-381)
(490,-87,-373)
(483,-89,-375)
(493,-82,-374)
(480,-80,-362)
(493,-83,-366)
(497,-83,-362)
(498,-82,-355)
(488,-80,-348)
(499,-87,-355)
(505,-97,-340)
(495,-85,-336)
(507,-82,-329)
(499,-98,-333)
(516,-91,-318)
(516,-93,-309)
(522,-88,-309)
(515,-90,-304)
(516,-89,-295)
(521,-87,-285)
(523,-99,-278)
(526,-91,-285)
(524,-92,-269)
(526,-91,-251)
(542,-88,-261)
(538,-94,-257)
(529,-97,-253)
(543,-97,-239)
(541,-91,-243)
(553,-105,-233)
(548,-92,-233)
(546,-97,-221)
(546,-103,-210)
(550,-105,-204)
(556,-98,-186)
(554,-113,-184)
(558,-105,-170)
(559,-107,-169)
(565,-104,-157)
(567,-111,-163)
(561,-112,-147)
(574,-108,-134)
(568,-104,-138)
(568,-105,-126)
(565,-111,-118)
(579,-114,-115)
(561,-111,-103)
(572,-106,-85)
(575,-109,-90)
(574,-107,-81)
(572,-117,-69)
(577,-119,-62)
(566,-110,-55)
(574,-106,-45)
(585,-113,-38)
(581,-120,-28)
(574,-106,-20)
(573,-106,-15)
(585,-110,-2)
(573,-106,1)
(578,-113,12)
(581,-116,23)
(582,-111,22)
(577,-102,37)
(577,-101,40)
(571,-101,48)
(579,-113,60)
(564,-112,64)
(571,-109,75)
(574,-111,85)
(567,-108,81)
(574,-103,95)
(569,-111,91)
(561,-109,105)
(568,-104,133)
(569,-107,119)
(559,-99,130)
(566,-105,145)
(553,-100,146)
(558,-114,153)
(561,-98,164)
(558,-113,167)
(558,-106,186)
(563,-99,183)
(540,-106,197)
(561,-95,191)
(549,-91,210)
(548,-92,217)
(542,-106,230)
(547,-100,228)
(535,-102,236)
(534,-95,244)
(543,-99,245)
(527,-98,253)
(545,-96,267)
(531,-87,265)
(532,-93,283)
(523,-95,279)
(527,-104,288)
(524,-86,300)
(527,-81,299)
(506,-95,312)
(509,-96,314)
(506,-90,314)
(512,-96,332)
(502,-83,342)
(491,-93,350)
(502,-74,349)
(496,-74,365)
(494,-77,366)
(491,-80,374)
(484,-79,383)
(483,-82,377)
(471,-79,379)
(480,-82,399)
(467,-73,397)
(456,-77,412)
(471,-77,418)
(462,-69,419)
(462,-76,416)
(463,-71,415)
(452,-64,425)
(449,-62,433)
(451,-63,429)
(446,-57,437)
(444,-81,445)
(428,-62,447)
(431,-61,460)
(434,-67,464)
(429,-53,458)
(424,-69,458)
(421,-70,476)
(416,-60,462)
(410,-51,475)
(402,-66,482)
(414,-60,487)
(414,-59,482)
(391,-62,493)
(399,-58,492)
(399,-52,498)
(389,-61,510)
(374,-50,507)
(389,-60,513)
(383,-50,516)
(381,-55,518)
(373,-46,523)
(369,-46,527)
(364,-50,527)
(375,-48,533)
(366,-51,526)
(350,-46,536)
(351,-43,542)
(349,-46,554)
(347,-44,551)
(341,-39,545)
(348,-34,547)
(334,-44,560)
(344,-36,560)
(327,-34,564)
(320,-38,557)
(315,-25,560)
(320,-31,573)
(323,-35,561)
(316,-32,575)
(309,-42,568)
(307,-34,572)
(312,-31,575)
(310,-27,586)
(301,-26,583)
(298,-13,581)
(293,-21,580)
(292,-21,591)
(288,-23,590)
(291,-18,596)
(284,-19,596)
(281,-19,595)
(283,-14,593)
(271,-14,596)
(272,-26,601)
(264,-9,603)
(261,-10,610)
(254,-25,611)
(253,-13,615)
(256,-15,618)
(257,-14,615)
(255,-8,611)
(248,-14,614)
(241,-10,614)
(246,-3,616)
(246,-17,615)
(234,0,608)
(239,-12,624)
(231,-7,623)
(226,-12,621)
(239,-4,621)
(226,-5,623)
(240,-11,636)
(233,-6,631)
(225,-4,619)
(234,-2,632)
(231,-4,630)
(212,4,641)
(220,-6,627)
(219,0,633)
(218,-3,629)
(211,-1,631)
(216,-1,635)
(221,-11,639)
(212,1,633)
(214,0,629)
(208,3,643)
(211,-4,639)
(220,9,629)
(209,0,635)
(209,-4,627)
(219,-1,633)
(212,6,635)
(218,0,640)
(213,0,635)
(216,-1,639)
(211,-6,631)
(212,-5,622)
(215,3,631)
(210,-4,631)
(229,-7,635)
(213,-11,633)
(218,0,633)
(223,3,630)
(222,-5,633)
(228,-6,636)
(216,0,631)
(211,-5,633)
(227,-14,633)
(218,-7,631)
(223,-16,636)
(227,-2,620)
(219,-4,620)
(232,-18,631)
(234,-3,621)
(232,-6,620)
(238,-4,613)
(242,-5,621)
(244,-20,622)
(247,-8,615)
(249,-14,620)
(249,-18,619)
(258,-14,613)
(258,-18,614)
(261,-19,619)
(266,-18,605)
(267,-13,600)
(267,-18,607)
(268,-21,598)
(281,-23,602)
(266,-22,607)
(284,-25,593)
(278,-25,599)
(289,-29,576)
(294,-30,585)
(289,-25,588)
(299,-26,582)
(304,-31,570)
(314,-31,574)
(315,-32,565)
(322,-31,573)
(332,-36,564)
(332,-38,567)
(326,-39,547)
(344,-35,551)
(329,-46,544)
(347,-46,550)
(361,-45,544)
(361,-48,543)
(361,-49,533)
(376,-48,532)
(371,-54,524)
(372,-55,524)
(381,-62,510)
(381,-54,504)
(389,-66,498)
(399,-59,488)
(413,-63,484)
(407,-64,482)
(408,-53,471)
(427,-65,469)
(430,-73,453)
(441,-67,450)
(435,-69,441)
(440,-81,430)
(440,-71,436)
(448,-72,421)
(445,-71,415)
(467,-70,421)
(469,-85,391)
(470,-88,390)
(469,-84,388)
(482,-88,374)
(493,-84,366)
(485,-79,359)
(497,-86,343)
(502,-92,349)
(501,-88,337)
(511,-93,319)
(506,-95,319)
(512,-96,312)
(519,-90,301)
(531,-96,291)
(524,-85,284)
(524,-96,275)
(531,-96,268)
(533,-101,258)
(542,-105,243)
(546,-103,242)
(555,-109,231)
(544,-100,227)
(549,-112,213)
(546,-104,205)
(543,-106,200)
(557,-112,183)
(549,-105,182)
(567,-103,174)
(561,-108,156)
(558,-105,154)
(564,-99,144)
(574,-103,133)
(563,-120,130)
(564,-109,127)
(566,-114,120)
(567,-101,102)
(569,-116,104)
(578,-112,75)
(566,-114,71)
(564,-115,77)
(575,-111,62)
(573,-115,56)
(568,-107,44)
(568,-101,41)
(575,-112,22)
(579,-116,14)
(573,-118,6)
(582,-108,-5)
(571,-108,-5)
(581,-112,-26)
(572,-118,-30)
(573,-109,-34)
(571,-112,-41)
(581,-111,-48)
(575,-116,-55)
(569,-110,-73)
(564,-110,-78)
(573,-107,-86)
(572,-111,-94)
(562,-103,-106)
(573,-110,-101)
(577,-103,-115)
(566,-116,-125)
(569,-105,-121)
(567,-107,-142)
(565,-110,-138)
(560,-113,-146)
(553,-108,-151)
(571,-103,-158)
(561,-112,-167)
(561,-103,-184)
(548,-107,-180)
(559,-97,-184)
(552,-107,-197)
(548,-94,-204)
(553,-108,-198)
(549,-110,-215)
(547,-101,-225)
(540,-102,-224)
(541,-97,-231)
(541,-108,-236)
(535,-114,-242)
(534,-104,-244)
(533,-95,-247)
(532,-96,-254)
(528,-106,-272)
(531,-97,-262)
(523,-97,-269)
(528,-102,-277)
(522,-98,-290)
(522,-91,-298)
(527,-94,-295)
(522,-102,-293)
(518,-90,-307)
(511,-98,-314)
(508,-90,-315)
(508,-90,-315)
(502,-94,-329)
(503,-96,-319)
(501,-90,-330)
(491,-84,-335)
(500,-89,-330)
(499,-82,-347)
(497,-86,-327)
(497,-82,-341)
(490,-83,-347)
(493,-79,-347)
(488,-86,-352)
(490,-74,-360)
(486,-77,-353)
(479,-84,-363)
(481,-75,-373)
