(451,-72,-423)
(450,-61,-426)
(445,-72,-424)
(440,-71,-441)
(449,-73,-432)
(454,-73,-433)
(456,-75,-435)
(450,-82,-420)
(450,-70,-423)
(444,-62,-424)
(448,-62,-428)
(457,-65,-433)
(452,-65,-423)
(449,-72,-430)
(446,-74,-424)
(455,-67,-431)
(454,-73,-433)
(448,-74,-428)
(452,-67,-427)
(445,-73,-429)
(456,-77,-416)
(456,-71,-432)
(456,-70,-417)
(456,-70,-431)
(453,-67,-433)
(453,-77,-424)
(452,-65,-427)
(447,-64,-418)
(447,-72,-416)
(460,-79,-423)
(457,-74,-411)
(454,-70,-408)
(454,-76,-413)
(465,-75,-406)
(463,-73,-406)
(474,-80,-408)
(466,-84,-410)
(479,-77,-409)
(471,-65,-403)
(460,-77,-399)
(470,-76,-397)
(480,-78,-394)
(471,-73,-389)
(469,-74,-383)
(481,-80,-378)
(476,-87,-390)
(477,-73,-365)
(492,-75,-374)
(495,-73,-362)
(480,-86,-370)
(486,-87,-360)
(495,-85,-343)
(494,-82,-352)
(491,-90,-349)
(494,-82,-338)
(501,-89,-342)
(506,-92,-318)
(509,-92,-319)
(511,-91,-315)
(512,-87,-309)
(516,-96,-298)
(510,-94,-291)
(512,-87,-300)
(522,-92,-287)
(526,-102,-283)
(529,-89,-269)
(531,-95,-269)
(531,-95,-264)
(540,-97,-259)
(532,-98,-246)
(546,-95,-248)
(538,-96,-240)
(542,-99,-238)
(542,-110,-226)
(546,-97,-228)
(553,-102,-220)
(546,-93,-206)
(548,-104,-205)
(546,-106,-189)
(560,-107,-188)
(565,-105,-179)
(562,-106,-176)
(561,-108,-161)
(560,-117,-161)
(563,-101,-154)
(568,-101,-137)
(562,-99,-137)
(574,-111,-120)
(564,-100,-119)
(565,-99,-115)
(561,-108,-106)
(576,-113,-95)
(577,-110,-97)
(569,-113,-80)
(582,-122,-67)
(570,-109,-54)
(568,-112,-62)
(575,-116,-48)
(583,-113,-41)
(586,-109,-23)
(579,-112,-18)
(579,-123,-17)
(578,-108,-5)
(584,-107,2)
(574,-104,14)
(575,-114,11)
(583,-103,21)
(575,-107,38)
(576,-105,45)
(565,-121,51)
(578,-109,59)
(575,-111,72)
(575,-107,68)
(576,-112,76)
(573,-106,88)
(576,-98,92)
(567,-111,95)
(563,-106,113)
(574,-109,119)
(570,-106,118)
(564,-108,137)
(569,-106,141)
(559,-104,144)
(567,-109,157)
(564,-103,159)
(555,-98,177)
(548,-95,177)
(550,-108,185)
(550,-109,185)
(556,-102,207)
(542,-111,203)
(554,-96,203)
(547,-107,211)
(549,-103,230)
(553,-98,235)
(532,-104,237)
(538,-104,251)
(533,-107,251)
(536,-97,264)
(525,-89,272)
(519,-95,266)
(531,-92,280)
(525,-93,287)
(520,-99,297)
(509,-99,308)
(519,-88,312)
(516,-87,319)
(502,-90,324)
(509,-74,330)
(500,-79,342)
(496,-91,344)
(498,-87,349)
(485,-85,362)
(487,-87,366)
(495,-80,370)
(483,-74,373)
(476,-80,373)
(475,-78,391)
(474,-88,389)
(469,-69,391)
(468,-84,399)
(462,-81,412)
(461,-69,404)
(468,-72,401)
(454,-70,429)
(451,-68,419)
(444,-71,436)
(440,-67,436)
(436,-66,432)
(439,-62,437)
(440,-74,453)
(444,-64,446)
(433,-66,468)
(427,-63,466)
(426,-72,468)
(411,-74,464)
(411,-64,470)
(417,-54,481)
(421,-65,486)
(410,-59,490)
(403,-61,488)
(403,-51,497)
(392,-64,498)
(400,-60,507)
(393,-50,507)
(390,-49,498)
(382,-60,504)
(378,-57,515)
(381,-57,519)
(374,-51,523)
(369,-46,536)
(364,-50,530)
(369,-48,530)
(360,-48,538)
(361,-44,532)
(363,-40,545)
(347,-46,535)
(347,-48,542)
(349,-40,547)
(341,-32,553)
(340,-39,556)
(334,-36,563)
(326,-40,568)
(330,-38,565)
(333,-33,562)
(317,-39,572)
(323,-38,564)
(322,-33,573)
(311,-31,577)
(312,-33,581)
(307,-35,580)
(309,-25,584)
(299,-25,583)
(299,-30,590)
(293,-31,579)
(298,-20,599)
(290,-32,589)
(291,-19,594)
(284,-27,599)
(276,-21,602)
(274,-23,597)
(265,-21,596)
(270,-21,608)
(260,-22,610)
(269,-14,614)
(273,-13,601)
(264,-18,603)
(260,-16,613)
(256,-16,597)
(248,-9,611)
(259,-15,618)
(253,-11,613)
(239,-8,628)
(239,-9,614)
(248,-16,612)
(238,-21,619)
(224,-2,636)
(235,-19,621)
(232,-16,624)
(234,-8,624)
(225,-8,628)
(227,1,629)
(226,-3,622)
(229,-2,632)
(224,-8,639)
(217,-13,626)
(214,8,632)
(216,-2,633)
(217,-2,633)
(204,-7,633)
(218,1,627)
(211,0,634)
(208,3,640)
(209,-6,637)
(219,6,634)
(200,0,637)
(207,3,634)
(218,5,644)
(210,0,622)
(220,-8,628)
(205,-15,633)
(209,-3,638)
(215,0,633)
(212,8,633)
(217,0,634)
(217,1,638)
(221,-13,631)
(212,0,640)
(217,-7,637)
(217,-3,633)
(217,-2,633)
(215,-2,636)
(216,-10,628)
(225,-11,631)
(222,-11,628)
(215,-5,624)
(214,-11,635)
(213,-3,623)
(227,-8,637)
(223,0,636)
(231,0,624)
(235,-5,614)
(236,-7,628)
(238,-1,621)
(238,-6,626)
(235,-12,616)
(229,-11,620)
(239,-12,617)
(246,-10,618)
(241,-12,622)
(253,-22,615)
(256,-19,607)
(256,-19,621)
(265,-9,607)
(263,-22,603)
(269,-14,601)
(268,-25,605)
(285,-17,601)
(270,-29,593)
(281,-19,588)
(294,-23,589)
(290,-24,593)
(287,-29,587)
(296,-32,582)
(295,-29,583)
(312,-25,580)
(307,-33,583)
(325,-42,575)
(320,-36,566)
(324,-44,570)
(332,-38,561)
(333,-43,562)
(330,-41,552)
(341,-40,556)
(357,-54,538)
(346,-43,542)
(360,-45,537)
(369,-41,540)
(355,-52,525)
(366,-50,520)
(383,-54,521)
(379,-59,521)
(386,-49,501)
(389,-59,506)
(412,-58,492)
(404,-70,483)
(409,-57,477)
(417,-49,474)
(419,-67,472)
(440,-76,466)
(427,-71,450)
(433,-68,448)
(439,-86,432)
(442,-70,431)
(458,-72,430)
(455,-79,414)
(463,-71,412)
(476,-80,391)
(473,-76,398)
(479,-84,379)
(479,-94,370)
(491,-91,373)
(494,-92,357)
(489,-83,347)
(496,-89,350)
(495,-88,344)
(504,-86,326)
(516,-95,310)
(522,-95,301)
(522,-97,302)
(531,-88,291)
(516,-92,277)
(531,-98,282)
(530,-96,267)
(540,-105,254)
(537,-105,244)
(540,-100,233)
(540,-93,239)
(541,-104,223)
(540,-102,211)
(540,-104,198)
(550,-102,197)
(558,-101,193)
(553,-101,190)
(554,-102,173)
(565,-106,176)
(567,-109,160)
(566,-107,150)
(565,-109,144)
(565,-110,137)
(561,-111,131)
(563,-110,119)
(566,-110,110)
(564,-113,104)
(582,-111,86)
(578,-117,74)
(575,-113,71)
(569,-109,62)
(576,-105,51)
(575,-113,50)
(574,-113,27)
(573,-114,31)
(578,-122,24)
(575,-119,12)
(569,-113,-9)
(585,-111,-12)
(576,-114,-9)
(576,-102,-20)
(578,-109,-29)
(574,-113,-40)
(578,-111,-46)
(565,-115,-46)
(570,-109,-64)
(576,-109,-77)
(573,-115,-75)
(575,-118,-90)
(577,-108,-103)
(573,-110,-99)
(574,-118,-121)
(569,-99,-123)
(572,-105,-121)
(576,-114,-137)
(565,-104,-138)
(567,-106,-138)
(569,-106,-155)
(563,-108,-157)
(553,-113,-169)
(553,-105,-169)
(563,-109,-172)
(557,-98,-190)
(553,-95,-196)
(557,-111,-196)
(546,-97,-199)
(545,-107,-212)
(541,-106,-224)
(544,-108,-234)
(539,-97,-240)
(544,-103,-237)
(538,-102,-237)
(535,-112,-260)
(534,-102,-257)
(533,-105,-258)
(539,-89,-269)
(534,-101,-265)
(534,-99,-279)
(527,-97,-274)
(526,-91,-287)
(522,-98,-294)
(525,-91,-296)
(523,-94,-303)
(522,-87,-303)
(517,-95,-303)
(513,-91,-310)
(509,-96,-319)
(506,-91,-321)
(510,-93,-325)
(504,-86,-323)
(513,-86,-339)
(494,-81,-336)
(500,-82,-343)
(501,-90,-342)
(493,-85,-345)
(493,-87,-347)
(498,-79,-356)
(489,-97,-349)
(499,-83,-366)
(495,-75,-369)
(485,-83,-372)
(485,-85,-364)
