(445,-88,-432)
(443,-80,-425)
(438,-90,-436)
(450,-83,-433)
(447,-82,-428)
(441,-79,-436)
(433,-82,-432)
(435,-90,-427)
(441,-92,-429)
(441,-80,-430)
(444,-84,-433)
(437,-89,-426)
(447,-88,-425)
(439,-85,-435)
(445,-88,-422)
(438,-97,-433)
(442,-90,-437)
(441,-97,-426)
(442,-83,-432)
(448,-86,-428)
(445,-101,-438)
(439,-78,-430)
(445,-94,-437)
(445,-85,-435)
(437,-87,-439)
(436,-87,-441)
(446,-90,-433)
(446,-87,-434)
(436,-84,-438)
(443,-91,-433)
(446,-95,-424)
(436,-102,-434)
(449,-86,-430)
(440,-100,-429)
(457,-91,-426)
(450,-89,-422)
(445,-90,-422)
(442,-88,-428)
(449,-98,-426)
(464,-91,-419)
(451,-100,-406)
(463,-105,-403)
(459,-102,-404)
(464,-107,-411)
(463,-106,-392)
(465,-118,-391)
(467,-104,-387)
(478,-112,-377)
(479,-116,-373)
(481,-116,-382)
(481,-130,-370)
(487,-129,-357)
(490,-128,-350)
(489,-124,-350)
(488,-137,-339)
(502,-139,-333)
(500,-140,-316)
(506,-152,-314)
(509,-137,-310)
(513,-150,-293)
(513,-146,-290)
(517,-148,-274)
(514,-159,-284)
(519,-161,-276)
(516,-165,-262)
(516,-165,-253)
(516,-165,-247)
(532,-172,-235)
(527,-183,-227)
(538,-174,-225)
(534,-186,-202)
(532,-184,-201)
(534,-187,-185)
(541,-198,-177)
(535,-189,-164)
(535,-196,-158)
(534,-204,-149)
(536,-206,-145)
(540,-208,-129)
(543,-214,-120)
(541,-215,-117)
(544,-220,-112)
(542,-226,-104)
(542,-213,-88)
(544,-219,-87)
(553,-208,-75)
(539,-221,-78)
(545,-230,-61)
(551,-223,-60)
(553,-222,-47)
(549,-235,-48)
(545,-225,-39)
(541,-228,-41)
(540,-228,-30)
(549,-232,-27)
(554,-234,-16)
(543,-229,-12)
(549,-227,-12)
(544,-231,-7)
(539,-238,1)
(547,-240,4)
(547,-242,7)
(552,-239,5)
(549,-238,0)
(541,-241,0)
(550,-245,8)
(542,-243,14)
(552,-240,10)
(542,-235,16)
(551,-229,10)
(543,-239,12)
(548,-239,6)
(549,-233,9)
(545,-238,10)
(545,-240,13)
(549,-241,3)
(554,-249,2)
(549,-241,9)
(548,-241,6)
(541,-231,13)
(552,-236,11)
(548,-240,9)
(547,-232,6)
(544,-239,9)
(534,-238,9)
(546,-234,11)
(549,-224,3)
(536,-233,7)
(557,-238,16)
(547,-234,17)
(548,-228,2)
(552,-240,14)
(550,-230,11)
(553,-238,13)
(540,-237,5)
(543,-234,4)
(544,-248,13)
(547,-239,3)
(545,-238,6)
(552,-239,11)
(547,-244,16)
(544,-243,4)
(547,-242,9)
(540,-229,3)
(550,-227,13)
(545,-229,9)
(538,-237,8)
(545,-240,13)
(555,-244,3)
(547,-235,12)
(551,-242,9)
(552,-246,5)
(544,-243,6)
(546,-234,15)
(546,-237,20)
(544,-235,11)
(550,-234,11)
(544,-240,12)
(545,-241,0)
(550,-227,16)
(546,-233,4)
(547,-237,11)
(550,-229,5)
(543,-238,11)
(547,-243,11)
(554,-234,10)
(543,-234,11)
(547,-241,4)
(547,-237,16)
(532,-238,10)
(541,-230,6)
(541,-233,14)
(542,-237,7)
(540,-238,11)
(543,-240,11)
(542,-236,9)
(542,-238,9)
(550,-232,8)
(542,-230,8)
(554,-238,4)
(544,-236,4)
(539,-239,6)
(539,-233,5)
(543,-246,9)
(541,-236,18)
(544,-240,4)
(546,-235,13)
(543,-241,12)
(548,-229,16)
(533,-231,15)
(542,-236,7)
(546,-234,6)
(537,-239,6)
(544,-241,12)
(547,-240,12)
(547,-231,6)
(545,-235,10)
(540,-236,10)
(544,-236,30)
(539,-234,19)
(549,-239,23)
(542,-238,17)
(543,-235,41)
(543,-227,30)
(540,-234,35)
(544,-233,45)
(538,-230,51)
(533,-228,49)
(546,-235,55)
(542,-238,66)
(543,-237,68)
(542,-232,74)
(535,-233,82)
(537,-231,89)
(538,-230,92)
(532,-230,110)
(529,-228,103)
(537,-238,114)
(539,-214,125)
(530,-216,140)
(530,-224,156)
(518,-220,151)
(529,-219,162)
(524,-222,168)
(528,-217,165)
(512,-225,179)
(518,-212,183)
(507,-211,191)
(513,-219,207)
(508,-213,208)
(499,-209,219)
(507,-210,228)
(491,-211,226)
(496,-197,232)
(493,-208,240)
(490,-205,249)
(487,-205,260)
(489,-208,260)
(488,-206,277)
(464,-196,277)
(475,-194,278)
(466,-196,290)
(479,-194,294)
(469,-196,293)
(472,-196,305)
(470,-194,307)
(453,-186,312)
(452,-187,316)
(454,-175,323)
(442,-184,325)
(439,-182,331)
(450,-183,340)
(438,-176,353)
(444,-167,353)
(432,-165,353)
(425,-173,362)
(422,-169,365)
(412,-169,370)
(424,-152,369)
(419,-167,374)
(405,-164,395)
(410,-163,386)
(395,-158,390)
(395,-146,387)
(386,-148,398)
(399,-144,396)
(390,-147,401)
(378,-140,410)
(378,-137,414)
(377,-138,417)
(377,-144,424)
(367,-125,418)
(364,-140,424)
(361,-134,429)
(359,-126,433)
(351,-131,430)
(353,-125,431)
(350,-116,431)
(342,-124,434)
(337,-113,444)
(334,-110,452)
(326,-114,456)
(326,-111,451)
(326,-105,459)
(318,-108,457)
(324,-108,453)
(312,-104,457)
(293,-96,458)
(305,-99,465)
(296,-90,458)
(292,-101,468)
(286,-95,466)
(294,-91,470)
(277,-80,468)
(289,-85,475)
(284,-81,473)
(270,-81,470)
(264,-83,479)
(279,-80,477)
(274,-85,477)
(270,-81,475)
(267,-78,466)
(267,-89,477)
(271,-80,484)
(271,-83,480)
(279,-80,476)
(281,-82,471)
(275,-76,482)
(273,-92,487)
(283,-85,479)
(277,-76,486)
(277,-84,484)
(283,-85,480)
(275,-83,479)
(279,-85,486)
(285,-93,484)
(291,-89,483)
(283,-83,477)
(287,-88,485)
(287,-93,487)
(293,-97,475)
(283,-88,479)
(288,-94,481)
(292,-90,482)
(293,-88,473)
(290,-101,471)
(294,-92,472)
(296,-88,474)
(300,-89,484)
(293,-95,474)
(303,-95,474)
(307,-93,468)
(306,-103,476)
(310,-97,475)
(307,-107,475)
(314,-108,474)
(303,-99,472)
(313,-102,464)
(310,-101,472)
(317,-104,472)
(316,-113,468)
(323,-110,472)
(324,-109,472)
(333,-109,465)
(331,-113,462)
(335,-106,459)
(341,-122,464)
(334,-118,459)
(344,-115,459)
(346,-121,458)
(343,-126,455)
(345,-117,449)
(352,-123,463)
(360,-133,457)
(357,-127,461)
(354,-134,448)
(365,-134,442)
(366,-133,429)
(374,-142,442)
(372,-142,428)
(375,-149,435)
(383,-138,439)
(394,-150,425)
(398,-150,426)
(396,-155,420)
(404,-157,414)
(410,-152,411)
(412,-162,397)
(418,-160,404)
(414,-154,392)
(421,-166,388)
(432,-171,389)
(426,-159,378)
(438,-170,367)
(437,-174,372)
(440,-190,363)
(453,-177,360)
(451,-181,354)
(452,-176,352)
(458,-182,328)
(472,-193,326)
(474,-188,332)
(474,-202,315)
(471,-203,296)
(481,-196,297)
(479,-201,286)
(496,-202,283)
(490,-203,269)
(500,-204,255)
(503,-206,249)
(499,-211,250)
(511,-215,232)
(513,-210,217)
(517,-220,218)
(510,-217,205)
(523,-226,201)
(527,-228,193)
(525,-224,182)
(529,-227,168)
(539,-227,161)
(538,-234,148)
(538,-224,145)
(538,-236,128)
(531,-236,118)
(529,-233,111)
(540,-241,102)
(540,-245,87)
(551,-239,77)
(546,-239,71)
(552,-225,58)
(540,-239,46)
(548,-236,33)
(551,-238,45)
(556,-243,23)
(554,-240,8)
(557,-233,0)
(552,-247,-8)
(552,-245,-10)
(551,-237,-33)
(553,-234,-31)
(554,-238,-45)
(547,-242,-68)
(555,-231,-72)
(549,-237,-74)
(546,-242,-86)
(554,-237,-102)
(547,-242,-117)
(545,-236,-118)
(536,-236,-126)
(543,-235,-136)
(545,-228,-146)
(543,-235,-161)
(538,-233,-164)
(544,-235,-160)
(544,-229,-177)
(534,-238,-181)
(535,-220,-182)
(534,-237,-200)
(531,-235,-203)
(527,-224,-210)
(532,-216,-220)
(528,-223,-220)
(525,-224,-213)
(524,-223,-232)
(523,-218,-243)
(514,-215,-247)
(525,-231,-247)
(522,-226,-249)
(516,-222,-267)
(522,-219,-266)
(514,-211,-276)
(515,-211,-273)
(516,-219,-284)
(506,-206,-284)
(513,-212,-294)
(507,-202,-286)
(508,-211,-302)
(502,-196,-294)
(503,-210,-312)
(513,-201,-304)
(503,-203,-306)
(495,-206,-303)
(500,-209,-324)
(492,-205,-312)
(498,-204,-321)
(503,-204,-316)
(502,-202,-318)
(501,-199,-321)
(497,-200,-315)
(504,-205,-334)
(488,-203,-321)
(490,-198,-326)
(490,-195,-329)
(493,-205,-332)
(493,-193,-321)
(495,-199,-322)
(494,-195,-331)
(485,-199,-324)
(493,-201,-324)
(486,-196,-335)
(495,-197,-320)
(498,-199,-325)
(484,-200,-321)
(492,-199,-328)
(488,-189,-330)
(493,-196,-329)
(492,-197,-317)
(501,-202,-320)
(487,-198,-331)
(488,-193,-343)
(485,-190,-331)
(499,-194,-333)
(482,-197,-344)
(495,-188,-336)
(479,-200,-341)
(484,-197,-351)
(482,-184,-353)
(484,-187,-347)
(487,-188,-357)
(484,-188,-359)
(483,-187,-351)
(479,-180,-361)
(472,-187,-365)
(467,-190,-368)
(477,-182,-362)
(469,-175,-365)
(472,-178,-373)
(473,-191,-382)
(465,-180,-370)
(465,-186,-388)
(457,-181,-385)
(475,-179,-366)
(475,-180,-387)
(461,-173,-373)
(473,-182,-381)
(466,-170,-381)
(463,-167,-382)
(462,-180,-378)
(473,-180,-387)
(474,-173,-382)
(476,-176,-389)
(461,-165,-378)
(467,-169,-385)
(472,-167,-383)
(470,-175,-381)
(474,-172,-375)
(472,-165,-381)
(467,-170,-372)
(470,-170,-375)
