(440,-84,-432)
(453,-92,-424)
(441,-91,-428)
(452,-79,-427)
(434,-84,-434)
(444,-94,-425)
(438,-90,-433)
(451,-92,-429)
(447,-94,-437)
(447,-87,-426)
(451,-83,-429)
(449,-85,-430)
(442,-85,-430)
(439,-90,-426)
(441,-90,-438)
(442,-89,-433)
(446,-83,-428)
(442,-83,-429)
(443,-95,-427)
(443,-82,-426)
(440,-92,-424)
(450,-97,-434)
(443,-100,-438)
(444,-91,-429)
(437,-90,-428)
(441,-93,-421)
(440,-92,-423)
(445,-88,-426)
(444,-90,-435)
(445,-86,-421)
(447,-96,-427)
(440,-84,-434)
(446,-84,-436)
(444,-96,-428)
(447,-94,-434)
(449,-98,-433)
(449,-94,-423)
(453,-95,-420)
(447,-96,-409)
(449,-87,-417)
(452,-103,-411)
(447,-102,-409)
(463,-106,-402)
(463,-106,-395)
(465,-106,-400)
(464,-108,-386)
(471,-118,-384)
(466,-108,-371)
(475,-117,-381)
(477,-117,-376)
(468,-116,-364)
(483,-118,-359)
(488,-115,-359)
(483,-124,-351)
(497,-130,-336)
(499,-136,-327)
(498,-137,-329)
(498,-136,-321)
(495,-143,-319)
(511,-148,-301)
(500,-142,-287)
(500,-150,-291)
(513,-153,-287)
(508,-155,-265)
(520,-166,-263)
(530,-175,-257)
(531,-167,-251)
(526,-170,-234)
(523,-177,-230)
(529,-171,-221)
(526,-183,-205)
(538,-202,-185)
(530,-204,-180)
(532,-191,-187)
(543,-204,-163)
(540,-194,-159)
(547,-201,-146)
(542,-204,-146)
(552,-211,-133)
(540,-215,-130)
(538,-218,-123)
(540,-216,-110)
(544,-223,-100)
(552,-221,-87)
(548,-220,-79)
(541,-220,-81)
(548,-224,-65)
(551,-212,-72)
(557,-218,-48)
(551,-226,-49)
(545,-219,-49)
(549,-230,-39)
(541,-225,-36)
(557,-244,-24)
(537,-225,-25)
(549,-239,-27)
(548,-235,-16)
(556,-228,-10)
(543,-234,-7)
(549,-233,-7)
(541,-237,-8)
(545,-228,-2)
(548,-232,9)
(547,-245,7)
(555,-228,-2)
(545,-239,8)
(544,-235,18)
(548,-238,4)
(550,-234,9)
(543,-240,20)
(544,-224,11)
(541,-228,8)
(549,-241,12)
(546,-238,10)
(548,-231,14)
(547,-234,16)
(544,-235,3)
(547,-233,17)
(553,-235,17)
(546,-226,12)
(551,-240,2)
(543,-240,17)
(541,-234,16)
(538,-237,9)
(555,-238,12)
(551,-235,15)
(535,-239,9)
(542,-238,3)
(551,-245,2)
(540,-236,0)
(537,-235,10)
(550,-234,14)
(549,-237,17)
(546,-244,9)
(546,-235,3)
(550,-231,11)
(551,-236,11)
(549,-233,13)
(552,-248,7)
(533,-241,8)
(549,-245,18)
(546,-235,-1)
(539,-235,14)
(551,-235,11)
(549,-230,11)
(547,-241,16)
(542,-244,12)
(542,-242,8)
(536,-235,10)
(552,-233,10)
(540,-240,6)
(541,-241,13)
(534,-240,0)
(544,-226,9)
(539,-241,11)
(538,-239,6)
(539,-245,9)
(540,-240,12)
(544,-234,20)
(543,-230,10)
(545,-234,12)
(550,-233,0)
(546,-237,9)
(547,-238,4)
(541,-228,7)
(547,-235,13)
(539,-240,12)
(543,-244,5)
(542,-235,16)
(542,-236,14)
(542,-232,14)
(548,-241,16)
(544,-237,17)
(536,-229,3)
(555,-229,14)
(540,-236,6)
(543,-242,3)
(552,-228,15)
(544,-234,5)
(545,-231,10)
(550,-235,14)
(548,-241,12)
(541,-230,13)
(548,-240,3)
(550,-234,11)
(556,-233,13)
(549,-238,12)
(540,-232,11)
(547,-235,10)
(551,-238,7)
(549,-232,9)
(547,-244,0)
(549,-229,13)
(547,-237,9)
(539,-227,17)
(547,-228,18)
(547,-229,18)
(546,-244,19)
(541,-242,19)
(545,-237,24)
(545,-237,27)
(542,-241,26)
(542,-236,29)
(545,-237,31)
(551,-234,40)
(547,-237,43)
(545,-244,44)
(549,-229,60)
(539,-235,62)
(540,-234,74)
(531,-235,77)
(542,-230,90)
(535,-237,88)
(546,-241,100)
(538,-225,99)
(539,-229,101)
(528,-227,112)
(538,-223,113)
(531,-221,135)
(525,-224,149)
(530,-227,139)
(517,-225,155)
(519,-225,162)
(519,-212,165)
(521,-220,175)
(519,-221,188)
(516,-215,184)
(511,-220,201)
(505,-213,200)
(502,-224,209)
(501,-202,212)
(511,-211,227)
(505,-210,219)
(503,-212,238)
(496,-206,239)
(483,-210,249)
(491,-198,257)
(485,-191,259)
(480,-200,264)
(478,-198,280)
(476,-199,274)
(473,-192,295)
(472,-199,290)
(470,-195,291)
(457,-192,301)
(460,-185,300)
(462,-186,310)
(454,-189,324)
(453,-190,323)
(449,-191,336)
(440,-182,329)
(443,-176,337)
(432,-168,341)
(432,-169,352)
(422,-171,365)
(429,-169,366)
(423,-172,373)
(420,-168,368)
(417,-163,374)
(405,-163,375)
(406,-159,382)
(401,-155,378)
(398,-146,388)
(396,-149,394)
(382,-153,400)
(384,-149,390)
(397,-156,407)
(383,-143,401)
(377,-143,414)
(371,-134,407)
(367,-142,421)
(373,-135,415)
(369,-128,429)
(368,-127,426)
(364,-124,432)
(349,-124,435)
(350,-128,432)
(339,-125,438)
(337,-120,439)
(337,-122,449)
(336,-122,446)
(336,-118,453)
(319,-108,453)
(316,-107,453)
(325,-100,451)
(310,-100,465)
(313,-92,463)
(304,-105,461)
(302,-109,464)
(296,-99,471)
(288,-90,473)
(291,-97,468)
(296,-92,464)
(293,-88,469)
(282,-88,482)
(286,-87,479)
(283,-74,479)
(271,-79,481)
(283,-88,479)
(276,-84,470)
(272,-81,476)
(273,-87,488)
(287,-80,477)
(263,-78,479)
(282,-83,479)
(279,-84,471)
(270,-73,479)
(273,-83,481)
(285,-82,475)
(273,-85,480)
(285,-81,476)
(282,-84,473)
(279,-80,489)
(279,-80,480)
(275,-87,470)
(282,-93,486)
(294,-87,475)
(282,-93,484)
(286,-91,476)
(285,-90,479)
(285,-86,478)
(286,-96,477)
(292,-101,474)
(283,-94,480)
(297,-97,478)
(291,-92,471)
(300,-94,482)
(297,-98,478)
(294,-96,473)
(297,-99,481)
(308,-106,483)
(298,-108,471)
(296,-102,480)
(307,-95,480)
(306,-95,483)
(318,-100,472)
(308,-107,464)
(310,-108,481)
(320,-105,474)
(311,-99,477)
(325,-101,473)
(324,-114,469)
(320,-107,468)
(330,-115,461)
(336,-122,465)
(330,-119,466)
(333,-113,467)
(338,-121,465)
(341,-118,467)
(344,-118,466)
(342,-127,453)
(334,-129,453)
(356,-122,458)
(342,-128,452)
(359,-124,453)
(355,-129,455)
(358,-130,448)
(374,-126,437)
(373,-131,439)
(377,-144,435)
(370,-144,437)
(386,-149,425)
(392,-148,425)
(387,-151,422)
(400,-157,407)
(408,-151,420)
(413,-164,403)
(413,-160,404)
(418,-160,402)
(410,-169,396)
(423,-163,384)
(426,-164,387)
(432,-168,367)
(443,-168,369)
(437,-182,367)
(445,-172,354)
(452,-183,362)
(450,-181,347)
(451,-187,346)
(456,-197,341)
(461,-185,327)
(451,-191,323)
(470,-201,317)
(477,-201,294)
(476,-201,296)
(490,-199,286)
(480,-209,278)
(502,-204,273)
(505,-212,258)
(500,-216,246)
(510,-222,241)
(511,-212,237)
(519,-205,219)
(515,-216,217)
(512,-223,204)
(530,-221,190)
(523,-223,186)
(527,-229,178)
(528,-223,164)
(518,-238,151)
(531,-237,146)
(530,-233,137)
(537,-225,130)
(535,-231,123)
(544,-231,115)
(540,-234,101)
(544,-235,90)
(540,-235,78)
(546,-239,64)
(552,-241,66)
(541,-241,49)
(547,-237,49)
(553,-241,30)
(541,-243,22)
(553,-244,10)
(552,-238,-2)
(552,-235,2)
(560,-236,-12)
(551,-235,-18)
(553,-248,-36)
(550,-229,-39)
(553,-239,-60)
(538,-231,-69)
(546,-231,-83)
(550,-241,-81)
(549,-234,-102)
(544,-240,-110)
(544,-235,-120)
(546,-238,-122)
(551,-245,-126)
(538,-236,-139)
(544,-225,-152)
(538,-237,-158)
(538,-232,-170)
(535,-232,-177)
(531,-227,-192)
(530,-229,-185)
(527,-235,-196)
(526,-232,-196)
(532,-229,-210)
(519,-222,-214)
(523,-226,-222)
(523,-228,-229)
(528,-229,-237)
(527,-225,-240)
(517,-224,-250)
(523,-221,-254)
(517,-218,-257)
(512,-222,-268)
(516,-210,-266)
(508,-213,-269)
(510,-210,-274)
(508,-206,-281)
(499,-215,-283)
(508,-213,-287)
(508,-209,-291)
(505,-208,-302)
(493,-216,-309)
(500,-209,-297)
(502,-209,-296)
(491,-214,-312)
(510,-207,-300)
(493,-203,-304)
(499,-196,-316)
(496,-205,-308)
(494,-198,-312)
(497,-197,-321)
(495,-212,-320)
(496,-206,-313)
(499,-197,-321)
(498,-208,-324)
(490,-188,-319)
(494,-206,-323)
(501,-199,-323)
(502,-196,-322)
(489,-200,-317)
(499,-205,-320)
(499,-203,-333)
(489,-205,-339)
(495,-185,-330)
(491,-195,-319)
(490,-199,-331)
(493,-198,-331)
(503,-199,-324)
(489,-201,-323)
(480,-197,-329)
(490,-197,-334)
(487,-188,-325)
(489,-197,-338)
(492,-204,-325)
(484,-195,-331)
(496,-204,-338)
(487,-199,-339)
(487,-194,-343)
(487,-193,-338)
(496,-191,-342)
(481,-190,-351)
(477,-195,-345)
(479,-198,-360)
(488,-197,-354)
(479,-191,-363)
(469,-190,-363)
(480,-188,-367)
(488,-193,-370)
(481,-187,-369)
(474,-182,-362)
(470,-185,-374)
(485,-191,-369)
(476,-176,-377)
(468,-179,-373)
(469,-187,-378)
(470,-172,-376)
(469,-180,-371)
(470,-190,-384)
(470,-173,-381)
(474,-178,-387)
(467,-185,-377)
(465,-177,-383)
(466,-180,-377)
(467,-173,-389)
(468,-182,-378)
(478,-166,-378)
(467,-169,-382)
(472,-166,-388)
(467,-173,-382)
(468,-172,-382)
(464,-165,-382)
(478,-175,-371)
(480,-174,-364)
