(444,-93,-433)
(442,-87,-428)
(447,-90,-438)
(453,-89,-424)
(445,-88,-430)
(438,-86,-435)
(450,-91,-422)
(440,-94,-435)
(448,-89,-437)
(437,-86,-425)
(442,-90,-429)
(438,-87,-432)
(445,-96,-432)
(436,-88,-438)
(448,-85,-441)
(441,-95,-429)
(441,-81,-421)
(444,-84,-431)
(445,-98,-434)
(439,-92,-428)
(436,-80,-433)
(447,-95,-422)
(450,-90,-432)
(444,-93,-434)
(445,-80,-427)
(434,-81,-427)
(441,-88,-430)
(441,-83,-435)
(444,-91,-437)
(445,-87,-425)
(450,-91,-425)
(447,-92,-432)
(444,-94,-438)
(450,-92,-428)
(439,-95,-428)
(462,-101,-420)
(450,-86,-422)
(447,-87,-421)
(449,-94,-425)
(443,-89,-410)
(456,-101,-411)
(463,-92,-410)
(449,-98,-413)
(466,-95,-396)
(468,-97,-395)
(470,-107,-389)
(466,-109,-381)
(470,-117,-380)
(475,-119,-365)
(470,-124,-360)
(473,-116,-360)
(482,-126,-366)
(481,-128,-347)
(484,-123,-343)
(488,-130,-343)
(497,-136,-329)
(501,-131,-322)
(498,-141,-312)
(498,-149,-311)
(506,-150,-296)
(503,-155,-291)
(516,-155,-287)
(520,-155,-276)
(515,-167,-271)
(526,-159,-259)
(518,-162,-252)
(520,-171,-246)
(529,-183,-226)
(534,-172,-231)
(527,-184,-219)
(532,-186,-207)
(534,-186,-191)
(537,-197,-182)
(534,-202,-172)
(539,-196,-166)
(533,-209,-155)
(539,-202,-150)
(543,-217,-149)
(536,-210,-132)
(539,-215,-124)
(555,-216,-120)
(545,-211,-105)
(545,-208,-101)
(536,-215,-99)
(544,-227,-86)
(543,-222,-81)
(551,-223,-71)
(541,-232,-70)
(538,-221,-55)
(540,-221,-53)
(550,-232,-50)
(543,-221,-39)
(544,-235,-31)
(545,-232,-34)
(542,-229,-21)
(542,-242,-16)
(543,-232,-9)
(543,-232,-9)
(542,-238,-5)
(549,-237,-1)
(550,-231,1)
(555,-224,-5)
(542,-239,12)
(545,-234,8)
(548,-234,8)
(544,-233,11)
(544,-240,8)
(543,-236,6)
(541,-234,5)
(543,-227,11)
(553,-239,2)
(537,-236,16)
(528,-240,15)
(540,-235,10)
(542,-239,6)
(540,-231,8)
(555,-234,16)
(548,-237,10)
(552,-243,4)
(554,-221,9)
(547,-241,7)
(550,-240,18)
(547,-239,19)
(546,-233,10)
(548,-236,9)
(545,-235,20)
(536,-230,17)
(539,-243,11)
(543,-242,11)
(543,-236,16)
(547,-239,6)
(548,-241,10)
(545,-237,14)
(539,-244,11)
(545,-238,15)
(554,-240,6)
(551,-238,7)
(555,-241,10)
(540,-241,13)
(542,-235,15)
(551,-235,9)
(546,-242,17)
(548,-234,0)
(543,-234,5)
(547,-233,8)
(548,-236,17)
(540,-237,11)
(540,-227,13)
(548,-241,9)
(544,-242,9)
(551,-234,4)
(541,-235,8)
(540,-231,20)
(546,-237,6)
(549,-235,14)
(551,-238,14)
(546,-245,12)
(545,-239,2)
(550,-231,6)
(543,-236,9)
(542,-242,7)
(541,-225,18)
(545,-243,12)
(542,-240,7)
(546,-232,14)
(549,-245,8)
(546,-242,0)
(547,-238,13)
(552,-234,0)
(547,-238,4)
(551,-240,10)
(542,-233,7)
(542,-231,7)
(546,-221,11)
(547,-234,9)
(547,-233,6)
(554,-238,7)
(543,-237,9)
(542,-242,9)
(546,-239,12)
(550,-242,10)
(547,-239,9)
(547,-225,19)
(546,-239,18)
(538,-238,10)
(551,-226,10)
(545,-235,9)
(536,-242,1)
(546,-244,13)
(544,-236,9)
(548,-240,8)
(539,-236,16)
(543,-236,12)
(543,-242,6)
(549,-234,13)
(547,-246,12)
(544,-234,21)
(553,-235,12)
(539,-237,17)
(539,-239,17)
(546,-240,25)
(542,-234,25)
(546,-238,34)
(547,-230,41)
(549,-238,45)
(540,-235,33)
(538,-236,53)
(545,-241,54)
(541,-223,62)
(546,-242,71)
(531,-238,61)
(539,-240,76)
(537,-226,85)
(539,-228,98)
(536,-222,102)
(534,-230,97)
(538,-231,103)
(531,-231,113)
(525,-228,129)
(533,-221,143)
(519,-225,141)
(522,-215,151)
(523,-217,156)
(526,-228,169)
(515,-221,164)
(514,-211,171)
(511,-224,185)
(516,-209,190)
(511,-217,199)
(506,-218,210)
(503,-218,216)
(509,-219,220)
(502,-214,226)
(507,-202,239)
(499,-214,240)
(496,-216,249)
(497,-203,255)
(481,-209,267)
(485,-210,273)
(492,-206,278)
(479,-191,272)
(488,-200,284)
(479,-194,290)
(480,-198,293)
(471,-194,304)
(459,-189,303)
(453,-187,316)
(452,-193,318)
(450,-186,317)
(449,-175,324)
(455,-176,332)
(453,-181,346)
(441,-165,350)
(422,-169,348)
(431,-177,363)
(421,-168,373)
(431,-174,378)
(422,-156,365)
(413,-158,366)
(418,-159,381)
(407,-152,379)
(405,-164,394)
(399,-151,394)
(396,-157,397)
(402,-153,392)
(390,-156,393)
(388,-150,411)
(384,-139,407)
(377,-143,418)
(384,-136,416)
(376,-136,415)
(377,-132,418)
(365,-134,428)
(374,-131,429)
(351,-125,430)
(361,-129,442)
(345,-123,438)
(343,-123,438)
(337,-116,448)
(331,-122,444)
(333,-114,450)
(331,-118,438)
(329,-111,459)
(325,-117,449)
(313,-109,459)
(311,-97,458)
(306,-98,464)
(301,-109,469)
(303,-97,467)
(297,-93,465)
(291,-85,461)
(294,-90,464)
(289,-89,469)
(296,-89,459)
(286,-86,471)
(288,-88,470)
(280,-75,481)
(285,-79,488)
(279,-90,471)
(275,-83,472)
(275,-84,485)
(265,-80,473)
(280,-86,481)
(271,-83,477)
(284,-87,481)
(274,-82,476)
(271,-89,483)
(273,-78,475)
(273,-77,477)
(278,-79,481)
(285,-84,476)
(283,-90,480)
(278,-99,478)
(285,-80,472)
(273,-86,480)
(278,-88,481)
(288,-97,474)
(297,-96,480)
(286,-93,483)
(297,-85,482)
(294,-106,475)
(287,-100,476)
(287,-99,477)
(294,-101,465)
(298,-86,472)
(299,-95,482)
(295,-93,475)
(300,-103,476)
(297,-91,480)
(304,-100,473)
(297,-94,476)
(300,-102,470)
(312,-102,479)
(311,-99,466)
(307,-109,473)
(312,-98,476)
(305,-105,466)
(314,-103,478)
(315,-106,470)
(315,-109,476)
(324,-111,472)
(324,-111,478)
(324,-101,472)
(327,-115,468)
(332,-114,475)
(333,-110,478)
(337,-119,465)
(340,-117,466)
(341,-120,456)
(342,-117,466)
(346,-126,462)
(349,-123,471)
(353,-124,458)
(353,-131,451)
(358,-138,445)
(361,-125,454)
(366,-129,441)
(368,-139,443)
(367,-138,440)
(373,-129,445)
(372,-143,426)
(381,-143,428)
(389,-143,417)
(399,-156,415)
(398,-156,426)
(401,-155,413)
(402,-158,412)
(414,-159,392)
(422,-168,397)
(413,-154,396)
(420,-176,387)
(425,-166,382)
(427,-170,381)
(445,-172,369)
(444,-170,370)
(437,-172,368)
(439,-180,353)
(447,-179,342)
(449,-188,345)
(461,-190,340)
(455,-193,337)
(473,-196,319)
(478,-197,308)
(483,-199,298)
(485,-212,287)
(487,-193,280)
(477,-199,273)
(494,-214,267)
(496,-207,255)
(505,-215,248)
(504,-212,242)
(503,-220,235)
(507,-217,229)
(514,-226,215)
(521,-212,198)
(517,-220,197)
(520,-223,188)
(523,-229,177)
(521,-228,166)
(529,-225,162)
(536,-224,146)
(531,-221,143)
(539,-236,133)
(533,-235,120)
(543,-243,110)
(538,-240,96)
(547,-238,89)
(549,-236,75)
(549,-248,70)
(549,-244,60)
(543,-238,52)
(553,-237,35)
(552,-232,32)
(554,-241,16)
(552,-240,4)
(557,-246,1)
(552,-241,2)
(545,-240,-20)
(552,-240,-23)
(556,-242,-37)
(551,-236,-43)
(544,-245,-62)
(562,-236,-65)
(548,-240,-78)
(544,-242,-87)
(543,-245,-97)
(549,-231,-121)
(539,-240,-115)
(548,-242,-119)
(547,-234,-137)
(545,-235,-137)
(539,-232,-153)
(551,-233,-157)
(537,-233,-172)
(535,-228,-179)
(529,-237,-184)
(538,-233,-176)
(536,-228,-204)
(537,-224,-210)
(530,-233,-212)
(517,-229,-219)
(532,-239,-214)
(521,-222,-224)
(526,-224,-231)
(523,-233,-235)
(515,-223,-250)
(516,-220,-254)
(513,-222,-262)
(516,-218,-268)
(512,-225,-267)
(514,-213,-275)
(505,-213,-282)
(516,-212,-291)
(506,-209,-290)
(502,-211,-296)
(500,-220,-301)
(505,-210,-287)
(500,-200,-299)
(508,-215,-303)
(504,-210,-307)
(496,-198,-300)
(497,-203,-313)
(502,-198,-315)
(501,-206,-319)
(502,-212,-315)
(502,-207,-325)
(491,-214,-316)
(490,-200,-320)
(496,-196,-323)
(489,-201,-322)
(493,-198,-324)
(496,-194,-317)
(491,-195,-321)
(503,-195,-322)
(501,-196,-323)
(492,-195,-328)
(494,-191,-318)
(492,-190,-326)
(492,-200,-326)
(490,-194,-331)
(497,-199,-337)
(498,-204,-326)
(492,-196,-339)
(495,-194,-346)
(495,-191,-329)
(497,-204,-325)
(492,-195,-337)
(497,-188,-333)
(485,-200,-334)
(497,-196,-338)
(484,-198,-339)
(493,-184,-333)
(497,-193,-342)
(483,-201,-341)
(486,-188,-342)
(489,-184,-349)
(487,-190,-341)
(486,-191,-349)
(487,-190,-356)
(480,-193,-366)
(483,-186,-355)
(478,-196,-352)
(476,-200,-361)
(476,-182,-363)
(472,-188,-377)
(473,-184,-371)
(476,-185,-365)
(474,-186,-370)
(465,-189,-368)
(465,-177,-379)
(477,-179,-381)
(472,-181,-373)
(460,-187,-381)
(467,-178,-382)
(457,-183,-373)
(466,-176,-380)
(470,-183,-389)
(472,-183,-382)
(459,-176,-378)
(466,-181,-389)
(471,-186,-382)
(465,-170,-380)
(464,-177,-374)
(468,-165,-373)
(472,-176,-380)
(482,-173,-377)
(475,-172,-371)
(477,-163,-379)
(482,-164,-377)
