(441,-96,-436)
(451,-86,-429)
(447,-85,-435)
(439,-95,-437)
(443,-94,-426)
(442,-88,-424)
(445,-94,-432)
(443,-85,-429)
(444,-97,-439)
(442,-92,-432)
(443,-90,-431)
(447,-94,-427)
(436,-87,-429)
(445,-84,-427)
(440,-81,-432)
(450,-85,-434)
(441,-93,-435)
(434,-82,-431)
(438,-90,-431)
(442,-84,-427)
(442,-93,-434)
(446,-92,-434)
(444,-92,-426)
(438,-93,-434)
(448,-88,-431)
(437,-87,-431)
(445,-98,-431)
(437,-80,-428)
(433,-85,-423)
(436,-94,-430)
(447,-82,-431)
(442,-86,-429)
(451,-89,-427)
(440,-85,-431)
(448,-80,-426)
(443,-87,-423)
(442,-90,-422)
(452,-86,-418)
(454,-96,-419)
(462,-96,-419)
(465,-99,-408)
(453,-96,-402)
(456,-96,-410)
(458,-108,-405)
(466,-113,-389)
(461,-101,-387)
(465,-112,-382)
(472,-112,-380)
(472,-115,-375)
(477,-116,-362)
(483,-111,-366)
(485,-131,-347)
(474,-124,-351)
(494,-135,-347)
(487,-128,-335)
(493,-134,-330)
(500,-137,-329)
(497,-140,-318)
(507,-147,-300)
(509,-145,-300)
(505,-151,-300)
(511,-158,-289)
(513,-159,-285)
(510,-164,-274)
(519,-163,-261)
(524,-177,-248)
(521,-164,-246)
(523,-175,-238)
(520,-178,-229)
(519,-178,-217)
(528,-190,-199)
(526,-195,-195)
(533,-193,-186)
(538,-197,-172)
(546,-206,-164)
(537,-206,-161)
(531,-202,-141)
(535,-206,-136)
(538,-208,-132)
(541,-212,-128)
(539,-218,-116)
(545,-216,-111)
(542,-222,-89)
(541,-217,-100)
(543,-217,-83)
(535,-219,-72)
(548,-227,-80)
(555,-224,-65)
(555,-230,-62)
(540,-212,-48)
(551,-234,-38)
(543,-218,-44)
(544,-238,-32)
(545,-221,-27)
(541,-232,-23)
(553,-230,-17)
(548,-228,-20)
(538,-225,-10)
(542,-238,-11)
(542,-233,-5)
(538,-235,-2)
(550,-237,0)
(545,-242,8)
(547,-242,11)
(547,-240,10)
(550,-225,14)
(544,-235,3)
(541,-244,9)
(552,-233,13)
(543,-230,13)
(543,-237,12)
(545,-242,5)
(545,-233,9)
(545,-241,16)
(548,-234,7)
(547,-235,8)
(543,-230,0)
(541,-236,9)
(545,-241,7)
(544,-233,6)
(545,-232,1)
(546,-237,11)
(549,-238,8)
(553,-237,5)
(545,-239,9)
(546,-233,4)
(552,-236,17)
(549,-232,5)
(539,-239,11)
(542,-241,5)
(545,-238,16)
(555,-237,8)
(539,-241,17)
(545,-236,1)
(542,-240,17)
(543,-240,18)
(536,-225,6)
(547,-236,16)
(552,-243,11)
(550,-241,14)
(551,-236,13)
(546,-249,11)
(545,-237,8)
(546,-237,3)
(552,-237,15)
(547,-242,0)
(542,-239,19)
(545,-242,14)
(549,-229,15)
(548,-238,8)
(554,-247,10)
(543,-238,8)
(547,-235,5)
(548,-239,16)
(543,-232,15)
(532,-238,12)
(542,-234,20)
(552,-232,11)
(538,-236,0)
(544,-239,0)
(543,-228,3)
(551,-237,9)
(549,-240,5)
(555,-239,12)
(541,-241,11)
(547,-234,2)
(542,-235,16)
(545,-236,6)
(551,-241,14)
(544,-236,15)
(544,-237,15)
(542,-240,10)
(535,-238,15)
(546,-236,5)
(549,-235,16)
(543,-237,13)
(542,-241,16)
(540,-245,7)
(545,-232,8)
(537,-227,11)
(554,-239,4)
(547,-241,16)
(542,-233,2)
(547,-240,6)
(547,-238,10)
(551,-236,2)
(553,-238,13)
(535,-224,0)
(536,-233,11)
(541,-238,4)
(535,-226,5)
(549,-238,8)
(538,-235,10)
(538,-225,12)
(537,-231,3)
(543,-235,15)
(553,-238,20)
(547,-236,11)
(547,-244,23)
(537,-245,14)
(546,-236,24)
(551,-234,24)
(545,-238,34)
(540,-240,30)
(557,-234,43)
(539,-226,36)
(543,-242,53)
(536,-218,52)
(540,-238,54)
(547,-236,67)
(542,-234,70)
(541,-243,71)
(536,-233,80)
(535,-237,92)
(529,-232,99)
(535,-228,108)
(529,-221,106)
(529,-231,117)
(523,-234,129)
(524,-227,143)
(537,-232,140)
(524,-227,155)
(520,-225,152)
(516,-227,157)
(519,-219,173)
(520,-223,181)
(509,-222,186)
(512,-227,191)
(510,-222,200)
(506,-214,201)
(500,-219,213)
(495,-210,218)
(501,-204,227)
(487,-219,241)
(493,-212,245)
(489,-204,252)
(487,-203,255)
(489,-209,268)
(484,-210,274)
(481,-199,275)
(472,-198,277)
(481,-198,291)
(471,-194,295)
(479,-202,298)
(465,-190,296)
(471,-195,309)
(463,-186,312)
(453,-178,318)
(454,-174,317)
(450,-183,338)
(452,-176,337)
(437,-182,340)
(442,-171,347)
(435,-177,347)
(432,-170,348)
(429,-172,350)
(422,-165,367)
(418,-164,374)
(417,-168,365)
(410,-151,376)
(396,-154,389)
(412,-153,382)
(402,-157,389)
(396,-152,395)
(390,-152,379)
(397,-147,398)
(391,-152,407)
(388,-136,412)
(378,-144,407)
(374,-151,413)
(379,-138,416)
(366,-140,421)
(366,-138,427)
(359,-123,422)
(369,-127,422)
(352,-136,434)
(350,-126,442)
(344,-126,440)
(346,-119,441)
(324,-115,449)
(334,-120,448)
(318,-109,446)
(327,-118,447)
(313,-106,456)
(313,-104,457)
(309,-103,457)
(311,-109,461)
(308,-96,461)
(295,-94,465)
(288,-93,475)
(298,-87,473)
(303,-89,474)
(284,-90,478)
(293,-84,460)
(293,-83,469)
(280,-87,468)
(278,-83,466)
(279,-83,479)
(268,-83,475)
(276,-78,474)
(280,-81,484)
(285,-78,477)
(270,-78,477)
(275,-79,477)
(267,-91,478)
(274,-80,482)
(278,-85,480)
(289,-82,482)
(269,-85,479)
(284,-81,482)
(276,-90,473)
(284,-80,476)
(278,-87,490)
(274,-82,472)
(279,-88,468)
(280,-90,485)
(285,-89,479)
(280,-88,477)
(290,-91,476)
(290,-90,475)
(290,-92,474)
(289,-91,474)
(290,-95,477)
(293,-98,490)
(294,-96,481)
(289,-97,478)
(303,-94,475)
(292,-95,473)
(291,-95,478)
(294,-98,482)
(297,-99,468)
(306,-101,473)
(302,-102,474)
(305,-97,472)
(307,-95,476)
(310,-104,477)
(308,-101,470)
(312,-104,466)
(320,-111,471)
(321,-104,469)
(320,-107,468)
(314,-106,471)
(314,-108,461)
(331,-103,463)
(327,-107,465)
(327,-115,468)
(332,-113,466)
(334,-115,469)
(335,-127,464)
(343,-125,463)
(339,-129,459)
(356,-128,451)
(353,-129,455)
(359,-131,456)
(356,-131,455)
(363,-126,452)
(367,-125,449)
(366,-134,443)
(369,-138,444)
(372,-146,429)
(370,-146,432)
(384,-128,437)
(391,-154,420)
(395,-153,416)
(394,-157,426)
(399,-149,410)
(409,-143,414)
(411,-152,402)
(410,-162,405)
(418,-159,394)
(432,-166,391)
(422,-169,379)
(438,-166,372)
(431,-177,372)
(439,-175,372)
(447,-178,358)
(438,-178,362)
(446,-183,352)
(454,-184,344)
(463,-188,332)
(459,-199,338)
(470,-190,326)
(468,-188,320)
(478,-195,304)
(489,-198,297)
(498,-203,294)
(486,-205,273)
(494,-201,274)
(505,-210,268)
(506,-212,249)
(507,-217,232)
(507,-221,239)
(514,-218,219)
(506,-216,224)
(519,-212,206)
(520,-226,196)
(515,-223,188)
(522,-225,182)
(520,-220,172)
(533,-230,157)
(532,-224,153)
(542,-227,137)
(537,-227,131)
(546,-229,113)
(538,-241,110)
(542,-230,104)
(534,-236,85)
(543,-228,82)
(548,-236,68)
(548,-231,55)
(545,-239,47)
(554,-246,36)
(548,-239,46)
(541,-241,23)
(550,-233,15)
(545,-232,4)
(550,-229,-3)
(558,-230,-7)
(539,-238,-25)
(554,-245,-38)
(557,-243,-48)
(557,-240,-55)
(554,-241,-66)
(550,-254,-88)
(549,-240,-94)
(548,-236,-104)
(546,-236,-115)
(537,-238,-124)
(543,-245,-126)
(542,-235,-138)
(546,-234,-154)
(540,-241,-148)
(540,-229,-154)
(538,-244,-174)
(547,-231,-177)
(538,-229,-185)
(535,-233,-194)
(542,-227,-201)
(525,-226,-206)
(533,-234,-216)
(526,-225,-214)
(523,-213,-227)
(529,-226,-222)
(530,-215,-240)
(521,-221,-246)
(521,-216,-247)
(520,-213,-243)
(520,-210,-254)
(521,-209,-256)
(519,-206,-272)
(510,-222,-273)
(503,-211,-275)
(507,-208,-277)
(509,-215,-284)
(504,-225,-291)
(504,-209,-302)
(508,-210,-291)
(499,-213,-300)
(503,-195,-297)
(496,-201,-304)
(494,-203,-316)
(497,-204,-293)
(503,-197,-312)
(500,-207,-318)
(501,-207,-321)
(492,-209,-304)
(503,-202,-324)
(498,-201,-330)
(497,-202,-329)
(501,-200,-315)
(494,-204,-324)
(495,-194,-325)
(493,-199,-315)
(496,-203,-331)
(493,-198,-321)
(498,-189,-319)
(503,-197,-330)
(494,-201,-321)
(499,-198,-324)
(497,-196,-319)
(488,-200,-334)
(496,-197,-324)
(500,-199,-333)
(497,-199,-331)
(498,-204,-327)
(490,-193,-335)
(484,-192,-335)
(485,-195,-341)
(492,-193,-330)
(498,-186,-337)
(488,-196,-338)
(488,-198,-346)
(490,-195,-342)
(482,-191,-337)
(482,-194,-345)
(482,-187,-339)
(481,-192,-352)
(481,-197,-348)
(485,-195,-351)
(478,-192,-360)
(479,-196,-355)
(472,-194,-352)
(481,-187,-360)
(468,-196,-366)
(473,-194,-366)
(474,-184,-369)
(475,-196,-372)
(477,-181,-383)
(478,-190,-372)
(474,-180,-369)
(467,-179,-380)
(461,-177,-375)
(473,-181,-382)
(471,-180,-378)
(463,-178,-382)
(466,-181,-381)
(467,-180,-381)
(467,-190,-377)
(472,-169,-379)
(469,-172,-382)
(467,-181,-379)
(462,-177,-380)
(468,-168,-378)
(469,-186,-378)
(464,-175,-374)
(462,-167,-371)
(472,-166,-380)
(473,-179,-376)
(478,-168,-376)
