(179,-555,-223)
(168,-556,-224)
(177,-553,-228)
(167,-567,-224)
(181,-559,-221)
(180,-555,-225)
(168,-560,-217)
(173,-567,-221)
(175,-554,-221)
(184,-564,-209)
(179,-564,-213)
(178,-554,-210)
(183,-561,-205)
(182,-565,-208)
(176,-570,-201)
(181,-559,-221)
(180,-571,-211)
(177,-559,-206)
(183,-556,-202)
(180,-566,-207)
(172,-562,-201)
(177,-568,-200)
(180,-576,-200)
(190,-573,-210)
(186,-566,-207)
(176,-556,-201)
(177,-567,-190)
(177,-573,-197)
(181,-574,-193)
(188,-569,-195)
(183,-565,-199)
(190,-571,-198)
(181,-571,-196)
(193,-564,-191)
(181,-567,-192)
(188,-564,-196)
(189,-570,-191)
(195,-567,-196)
(191,-554,-191)
(197,-567,-184)
(204,-559,-195)
(203,-554,-188)
(202,-560,-176)
(206,-564,-171)
(217,-558,-186)
(219,-555,-181)
(211,-554,-186)
(226,-545,-181)
(225,-549,-176)
(244,-542,-184)
(244,-540,-164)
(238,-540,-181)
(254,-544,-174)
(254,-531,-164)
(263,-532,-170)
(269,-530,-168)
(273,-527,-172)
(282,-518,-167)
(292,-508,-159)
(287,-516,-169)
(298,-503,-169)
(310,-498,-169)
(307,-496,-170)
(313,-493,-158)
(316,-485,-159)
(326,-478,-164)
(330,-478,-169)
(342,-469,-165)
(342,-468,-164)
(348,-456,-168)
(359,-460,-167)
(361,-444,-161)
(367,-429,-171)
(376,-430,-173)
(391,-414,-161)
(387,-401,-176)
(394,-394,-164)
(399,-390,-169)
(401,-375,-176)
(410,-374,-169)
(410,-343,-166)
(430,-353,-166)
(432,-346,-163)
(439,-340,-163)
(433,-327,-172)
(443,-312,-177)
(447,-301,-170)
(446,-294,-165)
(458,-284,-168)
(452,-275,-171)
(458,-274,-164)
(454,-250,-162)
(463,-246,-172)
(469,-248,-171)
(472,-219,-173)
(472,-221,-181)
(475,-209,-176)
(479,-204,-170)
(477,-191,-171)
(486,-185,-168)
(484,-168,-167)
(488,-159,-161)
(497,-167,-166)
(492,-146,-173)
(489,-143,-176)
(492,-131,-180)
(485,-113,-177)
(484,-97,-176)
(499,-107,-170)
(492,-90,-180)
(493,-77,-180)
(492,-71,-174)
(487,-64,-179)
(487,-51,-181)
(492,-51,-188)
(486,-28,-184)
(494,-29,-178)
(495,-17,-183)
(489,-9,-183)
(484,0,-196)
(491,2,-181)
(487,12,-187)
(480,22,-184)
(478,33,-180)
(470,43,-185)
(482,48,-176)
(477,59,-187)
(462,63,-184)
(459,71,-205)
(466,81,-189)
(461,83,-187)
(447,102,-200)
(456,115,-189)
(452,113,-191)
(446,118,-183)
(443,126,-198)
(441,147,-200)
(433,148,-193)
(426,155,-192)
(432,158,-196)
(419,167,-196)
(413,171,-199)
(419,177,-197)
(407,187,-193)
(404,188,-196)
(401,188,-203)
(405,199,-198)
(391,198,-197)
(388,211,-198)
(385,207,-196)
(378,206,-206)
(378,211,-196)
(376,227,-206)
(367,222,-199)
(361,230,-200)
(359,222,-212)
(359,225,-202)
(348,234,-208)
(348,237,-201)
(341,233,-213)
(339,239,-199)
(338,236,-204)
(329,246,-207)
(335,245,-209)
(324,256,-212)
(317,241,-209)
(319,252,-208)
(313,253,-212)
(308,253,-204)
(301,245,-217)
(303,254,-208)
(302,248,-206)
(291,260,-212)
(296,252,-216)
(303,257,-219)
(286,259,-221)
(290,263,-215)
(289,263,-212)
(286,260,-215)
(282,267,-212)
(280,259,-216)
(281,264,-211)
(280,263,-217)
(281,252,-220)
(273,264,-218)
(280,257,-220)
(270,261,-217)
(275,259,-216)
(270,260,-213)
(277,251,-222)
(277,252,-221)
(273,256,-211)
(274,251,-220)
(273,247,-212)
(283,245,-212)
(275,251,-208)
(278,246,-214)
(277,248,-225)
(279,232,-217)
(282,238,-217)
(281,240,-218)
(295,234,-215)
(284,224,-211)
(291,226,-212)
(294,228,-222)
(295,221,-215)
(299,219,-217)
(307,217,-220)
(300,215,-220)
(308,220,-219)
(309,216,-219)
(310,213,-211)
(313,206,-211)
(327,202,-222)
(325,206,-220)
(329,177,-217)
(331,182,-213)
(333,175,-209)
(329,183,-209)
(335,180,-210)
(343,167,-210)
(354,161,-211)
(357,157,-207)
(361,150,-215)
(362,148,-206)
(361,145,-195)
(373,131,-206)
(374,133,-216)
(384,122,-209)
(383,120,-202)
(392,113,-206)
(397,96,-202)
(386,95,-206)
(391,82,-200)
(396,84,-200)
(412,73,-205)
(412,78,-200)
(416,60,-199)
(423,42,-204)
(419,29,-198)
(423,32,-196)
(421,21,-190)
(426,7,-205)
(427,2,-194)
(439,-11,-200)
(435,-20,-202)
(448,-30,-195)
(445,-36,-187)
(442,-37,-196)
(443,-46,-197)
(445,-58,-189)
(452,-75,-186)
(444,-83,-199)
(463,-96,-193)
(451,-100,-190)
(453,-116,-190)
(448,-128,-197)
(452,-132,-188)
(456,-139,-181)
(460,-157,-185)
(456,-161,-194)
(456,-181,-187)
(438,-192,-183)
(457,-205,-179)
(443,-208,-176)
(450,-225,-184)
(444,-238,-181)
(441,-243,-174)
(439,-257,-180)
(427,-269,-182)
(436,-285,-179)
(431,-284,-182)
(426,-293,-181)
(422,-306,-181)
(425,-314,-179)
(424,-322,-178)
(412,-331,-183)
(411,-340,-171)
(408,-338,-181)
(411,-352,-169)
(409,-356,-172)
(397,-358,-166)
(399,-373,-171)
(397,-382,-185)
(389,-390,-167)
(389,-393,-179)
(376,-410,-177)
(377,-413,-167)
(369,-406,-171)
(374,-423,-170)
(361,-434,-170)
(369,-435,-175)
(354,-444,-166)
(352,-440,-173)
(352,-444,-170)
(346,-465,-177)
(340,-464,-174)
(332,-470,-169)
(335,-474,-170)
(326,-478,-177)
(329,-468,-175)
(333,-485,-171)
(319,-495,-171)
(312,-484,-172)
(308,-500,-171)
(301,-498,-178)
(298,-502,-178)
(293,-512,-179)
(290,-509,-173)
(283,-519,-171)
(284,-517,-169)
(280,-523,-177)
(278,-526,-162)
(265,-525,-180)
(270,-533,-166)
(260,-515,-173)
(265,-532,-170)
(251,-539,-178)
(262,-529,-163)
(254,-535,-176)
(268,-543,-173)
(259,-534,-174)
(247,-534,-173)
(260,-530,-166)
(264,-534,-170)
(260,-535,-164)
(266,-523,-180)
(258,-528,-168)
(262,-546,-178)
(261,-528,-169)
(262,-528,-166)
(263,-526,-184)
(271,-527,-166)
(268,-518,-176)
(276,-523,-168)
(273,-531,-169)
(271,-525,-172)
(269,-536,-172)
(267,-516,-179)
(272,-527,-173)
(265,-531,-165)
(264,-539,-166)
(260,-533,-168)
(255,-538,-174)
(259,-534,-170)
(262,-532,-174)
(249,-532,-181)
(250,-545,-172)
(250,-537,-174)
(252,-542,-178)
(245,-538,-170)
(241,-553,-173)
(238,-536,-170)
(240,-556,-165)
(225,-540,-182)
(224,-552,-176)
(222,-561,-172)
(230,-548,-172)
(221,-555,-175)
(214,-549,-174)
(212,-559,-168)
(220,-556,-172)
(211,-560,-177)
(211,-572,-174)
(207,-563,-173)
(199,-562,-166)
(195,-570,-175)
(199,-559,-172)
(197,-575,-171)
(187,-572,-168)
(195,-566,-176)
(193,-570,-163)
(184,-577,-172)
(181,-571,-171)
(182,-565,-173)
(189,-574,-169)
(188,-567,-172)
(180,-580,-179)
(182,-570,-168)
(172,-581,-172)
(176,-570,-180)
(173,-578,-178)
(177,-574,-176)
(177,-584,-173)
(169,-583,-176)
(174,-577,-171)
(168,-582,-171)
(164,-580,-166)
(169,-575,-181)
(160,-576,-170)
(165,-583,-171)
(161,-585,-165)
(165,-582,-170)
(157,-580,-175)
(158,-579,-177)
(155,-579,-160)
(154,-585,-172)
(163,-585,-179)
(157,-586,-184)
(169,-582,-173)
(161,-586,-175)
(156,-571,-166)
(150,-592,-171)
(159,-578,-170)
(149,-593,-174)
(160,-580,-172)
(156,-586,-172)
(157,-586,-170)
(153,-585,-174)
(149,-592,-178)
(159,-576,-185)
(152,-581,-173)
(153,-591,-172)
(161,-579,-166)
(155,-585,-163)
(155,-588,-173)
(142,-583,-179)
(145,-572,-172)
(141,-584,-170)
