(180,-564,-221)
(179,-553,-231)
(179,-557,-221)
(178,-557,-216)
(173,-560,-225)
(187,-552,-226)
(177,-560,-219)
(187,-564,-216)
(177,-554,-213)
(175,-562,-215)
(173,-562,-213)
(175,-568,-222)
(183,-562,-209)
(180,-563,-221)
(182,-561,-209)
(182,-567,-205)
(176,-556,-203)
(182,-564,-202)
(167,-560,-207)
(179,-560,-208)
(175,-559,-189)
(182,-566,-206)
(179,-564,-209)
(185,-563,-195)
(182,-567,-202)
(182,-557,-196)
(179,-559,-200)
(186,-567,-205)
(176,-564,-208)
(181,-570,-188)
(185,-570,-186)
(183,-573,-198)
(182,-560,-195)
(188,-559,-195)
(190,-560,-198)
(196,-573,-188)
(193,-570,-191)
(193,-560,-193)
(197,-564,-192)
(197,-564,-182)
(197,-557,-189)
(198,-560,-185)
(207,-561,-186)
(217,-552,-179)
(213,-559,-178)
(218,-559,-170)
(221,-551,-189)
(214,-550,-180)
(233,-548,-176)
(246,-545,-177)
(235,-555,-178)
(239,-545,-186)
(249,-544,-178)
(256,-531,-187)
(262,-536,-171)
(269,-530,-171)
(280,-528,-168)
(292,-520,-167)
(287,-521,-167)
(286,-513,-166)
(301,-512,-164)
(300,-507,-166)
(312,-498,-169)
(316,-494,-168)
(318,-482,-173)
(322,-478,-170)
(334,-473,-165)
(337,-470,-162)
(340,-462,-159)
(351,-450,-162)
(356,-450,-162)
(368,-448,-171)
(372,-435,-168)
(369,-426,-176)
(380,-412,-171)
(384,-395,-162)
(400,-402,-173)
(408,-380,-169)
(414,-379,-164)
(414,-360,-168)
(411,-350,-173)
(422,-354,-166)
(430,-345,-176)
(439,-341,-173)
(443,-322,-168)
(444,-312,-174)
(454,-317,-179)
(455,-290,-172)
(468,-290,-171)
(460,-278,-178)
(462,-264,-172)
(461,-258,-167)
(478,-247,-170)
(469,-237,-178)
(473,-223,-179)
(475,-218,-175)
(481,-207,-175)
(470,-194,-178)
(480,-201,-174)
(487,-175,-179)
(474,-172,-172)
(492,-162,-167)
(483,-160,-178)
(488,-139,-170)
(497,-139,-172)
(493,-126,-170)
(493,-122,-169)
(490,-107,-177)
(488,-101,-177)
(493,-82,-181)
(502,-83,-181)
(498,-68,-171)
(488,-65,-178)
(494,-57,-181)
(492,-54,-176)
(488,-30,-186)
(490,-34,-186)
(488,-21,-182)
(471,-14,-184)
(489,-4,-190)
(487,20,-184)
(477,19,-187)
(474,31,-194)
(478,38,-187)
(476,47,-185)
(465,50,-185)
(472,63,-190)
(464,72,-187)
(465,78,-189)
(465,86,-188)
(458,91,-189)
(460,87,-185)
(445,116,-193)
(444,120,-186)
(445,118,-191)
(449,126,-202)
(431,136,-192)
(433,142,-185)
(427,161,-195)
(424,146,-201)
(424,167,-193)
(417,170,-193)
(410,171,-202)
(408,181,-192)
(409,185,-199)
(397,190,-183)
(393,188,-201)
(382,201,-198)
(386,203,-197)
(389,211,-200)
(382,207,-196)
(381,215,-196)
(373,219,-199)
(373,222,-200)
(362,229,-198)
(354,218,-199)
(354,228,-198)
(356,231,-207)
(348,240,-201)
(350,243,-211)
(343,236,-198)
(347,239,-200)
(331,255,-204)
(327,245,-208)
(319,247,-210)
(321,254,-213)
(313,243,-205)
(314,253,-216)
(312,252,-208)
(315,257,-209)
(313,259,-213)
(304,253,-210)
(295,256,-207)
(296,247,-216)
(287,257,-207)
(292,258,-207)
(291,259,-214)
(291,258,-203)
(284,266,-203)
(281,261,-206)
(278,260,-222)
(278,255,-212)
(278,253,-220)
(280,260,-217)
(277,256,-216)
(277,249,-219)
(272,253,-208)
(276,253,-214)
(259,253,-221)
(275,251,-217)
(277,242,-214)
(278,248,-218)
(281,244,-215)
(274,237,-212)
(278,249,-214)
(270,255,-212)
(281,241,-220)
(284,236,-216)
(281,234,-219)
(284,234,-212)
(290,234,-213)
(291,234,-211)
(294,218,-220)
(290,221,-213)
(288,221,-217)
(297,223,-211)
(304,220,-215)
(301,217,-217)
(309,212,-210)
(311,206,-211)
(300,207,-214)
(305,214,-217)
(318,201,-222)
(313,194,-215)
(335,192,-211)
(324,200,-204)
(329,186,-209)
(329,178,-212)
(336,176,-213)
(338,180,-210)
(343,180,-211)
(355,164,-204)
(358,160,-210)
(355,162,-210)
(361,148,-216)
(371,141,-207)
(378,137,-200)
(376,128,-202)
(376,122,-203)
(386,111,-207)
(393,112,-206)
(388,100,-197)
(395,101,-202)
(402,90,-202)
(399,71,-207)
(407,71,-198)
(418,57,-195)
(420,56,-198)
(422,40,-208)
(415,31,-200)
(426,28,-197)
(433,20,-199)
(429,5,-196)
(432,-3,-195)
(431,-15,-191)
(433,-14,-197)
(443,-33,-203)
(435,-35,-185)
(451,-53,-193)
(445,-55,-194)
(450,-68,-194)
(445,-67,-201)
(455,-84,-194)
(439,-89,-187)
(450,-107,-187)
(461,-113,-192)
(457,-130,-197)
(445,-135,-184)
(459,-147,-192)
(443,-155,-184)
(450,-181,-182)
(449,-177,-180)
(445,-192,-182)
(450,-204,-187)
(445,-209,-186)
(449,-228,-180)
(446,-238,-178)
(436,-250,-179)
(447,-259,-177)
(440,-263,-180)
(426,-271,-187)
(430,-285,-184)
(426,-284,-178)
(427,-308,-182)
(437,-308,-181)
(421,-306,-181)
(419,-329,-184)
(406,-329,-174)
(410,-355,-177)
(409,-357,-185)
(410,-351,-176)
(411,-368,-183)
(397,-367,-174)
(391,-382,-176)
(396,-392,-169)
(395,-397,-163)
(385,-401,-174)
(383,-401,-165)
(368,-422,-174)
(372,-425,-177)
(375,-426,-171)
(357,-427,-179)
(350,-441,-169)
(350,-450,-179)
(350,-448,-168)
(345,-467,-170)
(343,-469,-174)
(339,-469,-173)
(338,-470,-169)
(326,-483,-173)
(320,-488,-174)
(322,-490,-173)
(318,-488,-168)
(312,-503,-172)
(307,-489,-164)
(302,-500,-167)
(298,-502,-180)
(291,-507,-171)
(286,-509,-164)
(291,-513,-167)
(284,-508,-176)
(282,-520,-180)
(277,-526,-176)
(275,-516,-175)
(269,-537,-170)
(266,-529,-177)
(258,-531,-178)
(261,-539,-173)
(253,-536,-166)
(256,-540,-161)
(263,-538,-173)
(257,-533,-172)
(266,-540,-167)
(269,-543,-164)
(260,-527,-178)
(262,-534,-175)
(251,-530,-172)
(262,-524,-169)
(267,-527,-171)
(273,-530,-176)
(265,-530,-180)
(271,-536,-181)
(263,-530,-178)
(270,-518,-169)
(264,-537,-175)
(265,-531,-162)
(271,-524,-162)
(273,-538,-169)
(268,-531,-166)
(265,-530,-172)
(272,-531,-169)
(261,-529,-179)
(278,-526,-177)
(260,-542,-176)
(248,-540,-174)
(253,-532,-178)
(254,-538,-175)
(245,-537,-162)
(253,-529,-177)
(244,-536,-179)
(233,-535,-174)
(243,-535,-183)
(233,-546,-162)
(231,-549,-171)
(240,-542,-169)
(235,-550,-170)
(238,-540,-176)
(229,-554,-161)
(221,-552,-177)
(215,-545,-183)
(225,-563,-175)
(213,-557,-181)
(218,-564,-168)
(215,-562,-178)
(207,-559,-173)
(201,-567,-173)
(207,-563,-179)
(207,-572,-176)
(197,-571,-168)
(197,-563,-171)
(195,-569,-173)
(187,-568,-184)
(186,-573,-171)
(193,-576,-165)
(187,-572,-170)
(188,-574,-169)
(180,-575,-171)
(179,-577,-171)
(181,-576,-175)
(177,-581,-171)
(168,-570,-168)
(174,-578,-174)
(178,-572,-176)
(177,-574,-169)
(169,-576,-171)
(171,-574,-168)
(157,-582,-173)
(160,-572,-175)
(170,-574,-168)
(165,-578,-169)
(162,-574,-170)
(157,-572,-177)
(159,-586,-170)
(159,-566,-177)
(148,-581,-179)
(153,-580,-178)
(154,-581,-173)
(159,-578,-174)
(158,-582,-169)
(159,-579,-177)
(146,-581,-171)
(155,-584,-172)
(155,-585,-170)
(159,-579,-173)
(151,-583,-174)
(156,-584,-169)
(156,-575,-170)
(158,-588,-171)
(154,-581,-177)
(148,-584,-172)
(153,-582,-187)
(154,-576,-171)
(157,-578,-165)
(146,-573,-176)
(159,-584,-168)
(154,-585,-177)
(156,-579,-174)
(158,-591,-170)
(156,-575,-177)
