(178,-567,-228)
(176,-565,-217)
(181,-564,-224)
(173,-560,-224)
(174,-560,-210)
(175,-561,-211)
(181,-556,-230)
(185,-563,-217)
(180,-556,-206)
(167,-568,-221)
(186,-556,-210)
(182,-563,-215)
(184,-569,-214)
(175,-565,-216)
(170,-566,-217)
(178,-563,-211)
(188,-558,-203)
(175,-558,-211)
(179,-554,-201)
(181,-562,-197)
(182,-565,-203)
(181,-565,-199)
(174,-560,-194)
(181,-566,-198)
(177,-571,-205)
(184,-569,-206)
(183,-562,-203)
(180,-560,-199)
(178,-556,-196)
(177,-572,-196)
(180,-562,-196)
(177,-560,-201)
(184,-572,-201)
(179,-565,-187)
(187,-563,-196)
(189,-565,-189)
(191,-561,-190)
(192,-561,-191)
(194,-565,-191)
(194,-557,-185)
(190,-560,-184)
(205,-560,-179)
(203,-558,-182)
(205,-554,-183)
(204,-555,-184)
(213,-549,-191)
(217,-550,-186)
(228,-549,-183)
(227,-550,-177)
(236,-551,-190)
(238,-553,-181)
(241,-540,-166)
(251,-542,-174)
(255,-539,-173)
(265,-522,-173)
(268,-527,-171)
(275,-522,-165)
(284,-515,-164)
(282,-512,-171)
(286,-511,-171)
(291,-502,-159)
(296,-507,-161)
(313,-497,-169)
(311,-497,-159)
(319,-489,-167)
(329,-485,-170)
(339,-475,-169)
(326,-469,-162)
(348,-453,-173)
(349,-454,-177)
(356,-451,-159)
(353,-438,-163)
(365,-433,-170)
(378,-426,-169)
(388,-409,-169)
(396,-403,-154)
(390,-399,-167)
(409,-388,-171)
(418,-384,-171)
(408,-371,-172)
(418,-359,-160)
(422,-342,-167)
(430,-347,-171)
(434,-336,-165)
(435,-322,-178)
(441,-311,-172)
(447,-310,-173)
(446,-294,-168)
(462,-284,-168)
(456,-276,-164)
(457,-271,-173)
(470,-266,-182)
(467,-248,-175)
(470,-232,-178)
(474,-233,-175)
(479,-218,-173)
(476,-211,-177)
(468,-192,-178)
(480,-191,-176)
(487,-185,-176)
(480,-172,-178)
(488,-165,-181)
(494,-154,-169)
(487,-143,-176)
(495,-134,-176)
(490,-119,-176)
(493,-122,-173)
(497,-106,-177)
(493,-95,-184)
(494,-85,-173)
(496,-79,-186)
(486,-75,-177)
(494,-63,-183)
(492,-47,-178)
(494,-36,-177)
(489,-34,-181)
(486,-26,-183)
(484,-13,-187)
(486,-11,-185)
(484,-3,-185)
(487,2,-188)
(477,17,-186)
(479,29,-181)
(469,35,-194)
(463,46,-194)
(470,50,-193)
(476,55,-197)
(464,68,-198)
(463,75,-190)
(456,89,-186)
(449,98,-192)
(458,104,-197)
(445,109,-191)
(456,122,-192)
(441,128,-201)
(434,139,-187)
(442,132,-199)
(439,149,-203)
(430,148,-196)
(426,159,-201)
(427,160,-193)
(424,165,-191)
(410,179,-206)
(402,180,-197)
(400,179,-207)
(407,187,-202)
(395,188,-196)
(387,202,-201)
(400,202,-192)
(380,210,-205)
(377,211,-192)
(375,220,-199)
(372,218,-196)
(368,220,-208)
(362,229,-207)
(356,231,-209)
(357,227,-207)
(350,233,-207)
(349,234,-209)
(345,236,-208)
(339,246,-203)
(342,238,-204)
(327,243,-204)
(330,236,-202)
(319,246,-209)
(320,250,-216)
(321,252,-208)
(314,250,-204)
(316,257,-210)
(298,248,-203)
(308,251,-208)
(296,256,-209)
(302,256,-218)
(295,259,-218)
(301,262,-211)
(288,263,-214)
(282,263,-214)
(285,263,-211)
(282,250,-220)
(280,258,-221)
(288,263,-212)
(279,260,-213)
(280,260,-211)
(277,250,-218)
(275,253,-218)
(269,258,-219)
(274,255,-201)
(280,263,-214)
(267,260,-216)
(273,254,-216)
(277,253,-218)
(273,253,-212)
(283,244,-224)
(278,244,-231)
(276,257,-211)
(269,247,-225)
(277,242,-217)
(283,233,-210)
(274,228,-213)
(291,237,-216)
(283,232,-220)
(272,241,-224)
(286,232,-221)
(287,231,-211)
(294,223,-210)
(298,216,-211)
(293,216,-225)
(297,223,-224)
(301,223,-209)
(297,212,-201)
(309,210,-218)
(318,211,-203)
(315,205,-210)
(317,194,-219)
(321,189,-216)
(316,195,-208)
(331,186,-216)
(331,181,-202)
(341,175,-210)
(344,178,-203)
(341,177,-214)
(357,163,-199)
(357,163,-206)
(357,162,-212)
(361,144,-206)
(365,140,-210)
(370,135,-207)
(379,129,-198)
(378,127,-212)
(386,125,-207)
(390,100,-199)
(393,111,-206)
(388,87,-212)
(397,78,-199)
(411,75,-204)
(405,71,-208)
(404,61,-208)
(416,54,-201)
(413,44,-190)
(425,39,-195)
(419,28,-205)
(431,18,-205)
(428,16,-198)
(435,4,-196)
(441,-14,-197)
(443,-14,-198)
(445,-24,-198)
(430,-40,-195)
(450,-41,-196)
(448,-55,-201)
(451,-60,-194)
(448,-75,-193)
(448,-91,-188)
(456,-92,-186)
(447,-115,-183)
(448,-116,-192)
(448,-126,-188)
(451,-143,-196)
(463,-152,-180)
(443,-151,-187)
(448,-176,-179)
(443,-192,-181)
(452,-200,-188)
(449,-208,-197)
(438,-218,-188)
(442,-232,-189)
(441,-227,-190)
(437,-235,-181)
(445,-265,-180)
(436,-257,-183)
(440,-268,-176)
(432,-279,-181)
(433,-297,-174)
(437,-297,-182)
(422,-312,-174)
(425,-313,-172)
(416,-324,-170)
(407,-334,-174)
(413,-343,-179)
(399,-349,-179)
(409,-359,-171)
(403,-368,-177)
(404,-373,-173)
(391,-380,-177)
(389,-392,-171)
(383,-402,-170)
(382,-396,-174)
(380,-408,-164)
(380,-413,-174)
(377,-426,-182)
(373,-431,-177)
(360,-443,-182)
(361,-442,-175)
(351,-447,-174)
(344,-453,-173)
(334,-466,-174)
(340,-458,-173)
(338,-473,-180)
(321,-470,-176)
(330,-469,-177)
(328,-484,-172)
(311,-479,-163)
(310,-499,-177)
(308,-488,-174)
(306,-494,-173)
(296,-508,-177)
(308,-499,-182)
(297,-513,-177)
(289,-505,-180)
(285,-504,-178)
(280,-520,-173)
(286,-512,-174)
(284,-520,-171)
(276,-527,-179)
(260,-526,-169)
(253,-525,-175)
(259,-528,-164)
(263,-534,-178)
(259,-538,-172)
(259,-523,-174)
(256,-545,-169)
(249,-539,-172)
(256,-532,-170)
(255,-526,-166)
(257,-538,-175)
(264,-531,-166)
(258,-532,-171)
(255,-542,-173)
(266,-532,-173)
(268,-524,-175)
(263,-529,-175)
(263,-536,-179)
(265,-529,-181)
(264,-535,-170)
(268,-535,-173)
(260,-531,-170)
(267,-546,-172)
(266,-525,-171)
(273,-525,-179)
(271,-533,-174)
(255,-528,-183)
(261,-535,-169)
(265,-524,-172)
(257,-526,-174)
(253,-538,-168)
(255,-524,-171)
(248,-532,-166)
(255,-537,-163)
(241,-542,-171)
(242,-537,-174)
(241,-540,-173)
(239,-541,-174)
(245,-545,-166)
(232,-545,-182)
(231,-548,-171)
(228,-545,-177)
(227,-548,-174)
(229,-555,-169)
(225,-553,-166)
(220,-545,-168)
(213,-555,-173)
(220,-554,-176)
(212,-564,-179)
(212,-559,-177)
(208,-550,-165)
(203,-558,-175)
(198,-563,-186)
(195,-563,-177)
(190,-570,-174)
(189,-559,-177)
(196,-570,-177)
(189,-575,-171)
(192,-568,-168)
(186,-573,-171)
(193,-573,-171)
(184,-580,-183)
(185,-577,-167)
(171,-572,-176)
(180,-579,-179)
(184,-582,-177)
(172,-582,-175)
(174,-573,-184)
(176,-585,-173)
(166,-574,-177)
(175,-574,-173)
(167,-578,-169)
(169,-579,-170)
(164,-579,-175)
(166,-581,-179)
(165,-589,-181)
(152,-587,-175)
(172,-581,-167)
(162,-580,-174)
(159,-585,-187)
(156,-585,-182)
(155,-585,-173)
(157,-576,-171)
(163,-590,-170)
(158,-580,-177)
(162,-591,-167)
(150,-580,-165)
(159,-586,-169)
(154,-579,-173)
(160,-584,-164)
(157,-586,-177)
(148,-580,-176)
(149,-579,-164)
(148,-580,-175)
(165,-577,-174)
(152,-582,-181)
(150,-581,-177)
(158,-583,-168)
(152,-593,-168)
(157,-585,-180)
(158,-583,-171)
(151,-582,-173)
(159,-582,-179)
(151,-585,-176)
(156,-584,-172)
