(77,-643,-150)
(75,-636,-144)
(75,-632,-147)
(73,-636,-144)
(77,-639,-141)
(68,-641,-143)
(78,-640,-153)
(67,-642,-152)
(72,-631,-147)
(68,-635,-153)
(73,-641,-145)
(66,-646,-148)
(72,-643,-151)
(74,-639,-152)
(71,-639,-146)
(92,-635,-146)
(73,-639,-152)
(69,-643,-152)
(74,-637,-146)
(76,-633,-150)
(73,-637,-144)
(74,-647,-143)
(87,-640,-145)
(80,-643,-156)
(77,-644,-151)
(94,-648,-152)
(86,-645,-147)
(89,-643,-151)
(87,-642,-155)
(83,-642,-148)
(89,-644,-153)
(91,-648,-152)
(92,-639,-141)
(95,-633,-156)
(96,-641,-146)
(98,-642,-150)
(105,-634,-148)
(112,-635,-157)
(117,-642,-152)
(116,-635,-147)
(115,-636,-157)
(130,-627,-163)
(136,-624,-144)
(128,-625,-154)
(132,-628,-149)
(139,-636,-144)
(151,-620,-154)
(148,-622,-157)
(163,-621,-155)
(161,-624,-151)
(175,-614,-154)
(177,-612,-151)
(184,-618,-148)
(195,-614,-144)
(202,-613,-148)
(203,-607,-146)
(209,-604,-152)
(218,-599,-146)
(230,-591,-155)
(223,-591,-149)
(228,-576,-148)
(233,-585,-157)
(249,-580,-144)
(262,-580,-151)
(271,-568,-144)
(265,-561,-148)
(276,-568,-156)
(287,-547,-154)
(295,-547,-152)
(309,-540,-144)
(308,-543,-159)
(319,-533,-144)
(318,-532,-156)
(332,-526,-163)
(337,-526,-155)
(342,-510,-140)
(355,-502,-157)
(353,-496,-158)
(368,-491,-155)
(380,-476,-157)
(387,-471,-152)
(393,-465,-147)
(410,-446,-151)
(404,-438,-148)
(407,-428,-147)
(414,-418,-147)
(434,-411,-152)
(433,-406,-151)
(431,-398,-154)
(446,-383,-142)
(449,-371,-147)
(462,-363,-156)
(458,-362,-150)
(455,-341,-145)
(470,-338,-148)
(475,-327,-147)
(480,-309,-147)
(483,-311,-149)
(490,-298,-146)
(491,-294,-149)
(503,-281,-143)
(506,-270,-152)
(509,-254,-153)
(522,-248,-160)
(506,-242,-150)
(511,-221,-144)
(510,-219,-141)
(525,-205,-145)
(518,-195,-155)
(519,-186,-148)
(526,-167,-146)
(536,-157,-154)
(540,-152,-143)
(541,-151,-147)
(539,-134,-142)
(548,-134,-158)
(531,-118,-151)
(544,-96,-145)
(548,-101,-156)
(540,-90,-144)
(546,-76,-148)
(546,-67,-146)
(555,-64,-151)
(545,-53,-151)
(557,-46,-149)
(554,-36,-150)
(556,-32,-144)
(551,-18,-150)
(555,-9,-153)
(552,2,-158)
(550,0,-151)
(552,10,-145)
(551,11,-147)
(547,22,-147)
(543,29,-153)
(552,36,-151)
(550,37,-155)
(546,42,-150)
(559,52,-149)
(548,56,-155)
(546,61,-158)
(549,61,-151)
(561,72,-157)
(546,90,-156)
(548,92,-149)
(540,85,-149)
(543,90,-156)
(552,95,-147)
(548,98,-157)
(547,102,-151)
(549,95,-138)
(548,106,-143)
(545,114,-148)
(544,109,-136)
(548,117,-147)
(549,100,-152)
(544,105,-156)
(541,120,-153)
(539,120,-159)
(551,108,-152)
(546,116,-151)
(548,102,-151)
(560,112,-154)
(552,108,-153)
(546,106,-152)
(555,107,-152)
(537,100,-143)
(539,101,-149)
(548,102,-149)
(547,89,-151)
(551,79,-153)
(556,79,-152)
(557,77,-150)
(557,72,-140)
(546,72,-148)
(568,58,-149)
(552,76,-150)
(557,60,-149)
(548,59,-150)
(557,52,-150)
(552,56,-157)
(550,57,-156)
(552,42,-148)
(552,43,-150)
(558,48,-144)
(561,48,-147)
(554,38,-153)
(547,33,-152)
(562,38,-157)
(560,27,-146)
(558,22,-155)
(557,28,-145)
(564,20,-155)
(560,15,-147)
(561,13,-153)
(551,3,-154)
(559,10,-155)
(561,-11,-145)
(559,-11,-161)
(558,-20,-151)
(564,-34,-149)
(555,-43,-162)
(559,-45,-146)
(558,-53,-142)
(554,-55,-145)
(551,-63,-143)
(553,-71,-156)
(553,-76,-145)
(562,-90,-153)
(554,-93,-147)
(551,-112,-145)
(551,-111,-150)
(542,-126,-156)
(550,-129,-142)
(545,-133,-147)
(542,-146,-152)
(546,-160,-157)
(542,-163,-156)
(548,-163,-146)
(545,-178,-153)
(521,-183,-155)
(529,-195,-153)
(526,-200,-145)
(528,-212,-153)
(531,-234,-153)
(522,-240,-152)
(516,-244,-151)
(508,-248,-151)
(511,-269,-149)
(506,-272,-140)
(500,-280,-150)
(508,-284,-155)
(495,-291,-153)
(487,-312,-155)
(482,-308,-148)
(483,-319,-156)
(482,-315,-158)
(479,-335,-156)
(481,-335,-149)
(484,-347,-149)
(462,-356,-157)
(462,-358,-153)
(460,-353,-146)
(446,-370,-147)
(456,-378,-150)
(451,-378,-152)
(449,-387,-150)
(437,-395,-150)
(434,-409,-147)
(434,-407,-144)
(425,-415,-142)
(426,-417,-152)
(417,-424,-150)
(411,-418,-162)
(403,-438,-153)
(408,-450,-144)
(398,-453,-143)
(399,-456,-153)
(389,-459,-153)
(395,-465,-152)
(384,-469,-141)
(380,-486,-149)
(377,-477,-150)
(369,-485,-152)
(370,-483,-156)
(378,-498,-148)
(359,-499,-150)
(358,-505,-148)
(364,-497,-155)
(347,-516,-144)
(337,-515,-144)
(341,-516,-143)
(332,-520,-159)
(325,-521,-147)
(325,-535,-151)
(324,-537,-146)
(316,-535,-145)
(308,-543,-148)
(311,-535,-148)
(308,-543,-146)
(309,-551,-154)
(303,-547,-150)
(287,-559,-159)
(285,-559,-151)
(280,-565,-164)
(278,-560,-149)
(276,-560,-149)
(261,-571,-154)
(276,-575,-150)
(255,-570,-157)
(257,-579,-147)
(257,-579,-152)
(257,-578,-152)
(254,-585,-144)
(240,-593,-154)
(232,-587,-156)
(235,-588,-142)
(237,-597,-155)
(221,-590,-148)
(221,-605,-146)
(211,-604,-153)
(199,-600,-147)
(202,-603,-155)
(194,-619,-157)
(194,-613,-156)
(181,-615,-150)
(184,-619,-157)
(172,-618,-152)
(175,-618,-149)
(178,-619,-145)
(168,-623,-160)
(158,-621,-147)
(153,-623,-146)
(155,-625,-146)
(150,-624,-155)
(151,-630,-147)
(154,-629,-148)
(150,-631,-155)
(145,-623,-145)
(132,-637,-149)
(136,-634,-156)
(137,-625,-141)
(133,-625,-151)
(125,-633,-150)
(122,-636,-151)
(126,-627,-154)
(128,-628,-145)
(118,-632,-154)
(115,-633,-147)
(121,-637,-145)
