(77,-640,-147)
(78,-644,-145)
(70,-649,-146)
(77,-634,-141)
(78,-640,-153)
(72,-639,-157)
(77,-640,-153)
(71,-634,-148)
(76,-636,-151)
(78,-643,-144)
(62,-639,-148)
(77,-645,-155)
(77,-636,-146)
(83,-643,-146)
(72,-637,-150)
(77,-638,-146)
(70,-632,-147)
(86,-633,-143)
(71,-639,-143)
(77,-636,-155)
(76,-637,-148)
(84,-652,-141)
(79,-642,-151)
(83,-628,-145)
(82,-641,-153)
(77,-645,-149)
(85,-641,-149)
(81,-641,-155)
(83,-639,-149)
(78,-642,-151)
(82,-637,-144)
(93,-632,-145)
(91,-647,-142)
(93,-628,-154)
(105,-645,-145)
(100,-632,-150)
(111,-630,-153)
(103,-632,-154)
(109,-638,-138)
(119,-629,-151)
(121,-630,-151)
(120,-629,-146)
(119,-626,-153)
(137,-628,-147)
(138,-632,-150)
(141,-623,-152)
(143,-625,-145)
(152,-623,-154)
(155,-624,-152)
(164,-613,-147)
(177,-615,-153)
(185,-607,-149)
(186,-620,-145)
(195,-613,-145)
(196,-604,-149)
(199,-601,-149)
(211,-607,-144)
(212,-595,-154)
(220,-593,-148)
(227,-586,-154)
(231,-575,-155)
(244,-585,-143)
(240,-581,-151)
(256,-571,-166)
(273,-570,-149)
(266,-573,-151)
(276,-571,-146)
(283,-559,-151)
(292,-553,-154)
(301,-542,-150)
(299,-544,-150)
(319,-540,-154)
(323,-539,-147)
(334,-517,-148)
(337,-517,-143)
(345,-507,-147)
(356,-498,-152)
(357,-495,-157)
(369,-491,-155)
(368,-480,-141)
(381,-478,-156)
(386,-466,-154)
(402,-450,-158)
(401,-434,-151)
(416,-423,-148)
(426,-430,-149)
(437,-411,-154)
(432,-405,-150)
(440,-399,-148)
(447,-383,-151)
(440,-376,-153)
(458,-365,-149)
(460,-359,-143)
(481,-342,-153)
(469,-339,-145)
(471,-333,-153)
(489,-314,-152)
(485,-311,-152)
(490,-302,-152)
(494,-286,-147)
(496,-273,-147)
(503,-267,-150)
(510,-253,-142)
(510,-245,-141)
(513,-233,-146)
(518,-222,-156)
(525,-214,-149)
(521,-206,-156)
(523,-194,-146)
(527,-187,-148)
(525,-177,-151)
(528,-161,-152)
(537,-157,-149)
(538,-146,-150)
(545,-127,-152)
(547,-122,-148)
(545,-112,-148)
(550,-102,-153)
(547,-99,-143)
(546,-94,-150)
(549,-71,-154)
(546,-65,-163)
(554,-62,-157)
(556,-64,-138)
(544,-50,-153)
(548,-28,-148)
(555,-23,-148)
(555,-10,-150)
(552,-7,-152)
(551,-2,-155)
(558,6,-151)
(540,0,-148)
(554,1,-158)
(549,24,-156)
(548,31,-149)
(563,44,-150)
(551,35,-161)
(551,36,-153)
(545,52,-153)
(545,61,-154)
(557,65,-147)
(548,72,-148)
(551,80,-145)
(546,85,-152)
(548,81,-149)
(546,94,-154)
(544,85,-150)
(561,89,-152)
(538,95,-155)
(556,96,-154)
(547,110,-149)
(544,112,-145)
(549,106,-153)
(554,109,-159)
(544,108,-143)
(545,112,-134)
(545,112,-146)
(539,120,-158)
(540,116,-153)
(548,110,-146)
(549,122,-141)
(543,119,-152)
(554,112,-154)
(549,106,-157)
(545,125,-150)
(549,103,-149)
(548,103,-158)
(552,103,-155)
(554,95,-146)
(559,93,-154)
(545,97,-153)
(559,81,-155)
(561,79,-151)
(560,76,-145)
(547,67,-156)
(555,65,-153)
(554,60,-153)
(560,60,-148)
(544,61,-149)
(553,60,-156)
(564,54,-150)
(549,54,-150)
(557,44,-142)
(555,51,-158)
(561,44,-149)
(557,38,-143)
(553,34,-150)
(555,27,-149)
(557,34,-149)
(563,37,-150)
(551,23,-148)
(559,24,-151)
(558,21,-146)
(559,12,-150)
(560,7,-147)
(551,9,-138)
(560,9,-140)
(559,-7,-151)
(560,-20,-158)
(569,-23,-148)
(551,-27,-150)
(560,-42,-163)
(551,-43,-151)
(557,-49,-147)
(560,-54,-146)
(550,-69,-149)
(555,-77,-155)
(549,-72,-148)
(549,-88,-156)
(548,-97,-150)
(551,-102,-148)
(555,-110,-149)
(541,-128,-155)
(546,-131,-157)
(537,-132,-157)
(547,-134,-152)
(536,-156,-137)
(549,-156,-149)
(539,-172,-153)
(530,-171,-151)
(534,-193,-154)
(539,-202,-150)
(523,-208,-150)
(525,-211,-152)
(520,-231,-151)
(517,-241,-147)
(519,-247,-156)
(512,-251,-152)
(511,-260,-151)
(503,-265,-145)
(510,-284,-153)
(501,-296,-156)
(493,-286,-145)
(490,-299,-157)
(499,-315,-149)
(493,-320,-148)
(476,-318,-153)
(478,-322,-151)
(476,-345,-153)
(479,-349,-156)
(475,-349,-160)
(467,-359,-152)
(461,-370,-161)
(467,-370,-142)
(456,-380,-155)
(455,-385,-149)
(443,-388,-156)
(433,-398,-139)
(436,-400,-154)
(429,-402,-157)
(427,-419,-151)
(418,-421,-159)
(415,-417,-149)
(408,-438,-155)
(412,-435,-151)
(410,-441,-155)
(405,-451,-155)
(395,-457,-144)
(398,-459,-157)
(395,-468,-145)
(391,-468,-145)
(377,-476,-150)
(378,-482,-142)
(388,-483,-146)
(361,-478,-149)
(359,-489,-148)
(362,-493,-149)
(356,-506,-153)
(347,-502,-148)
(341,-505,-150)
(337,-509,-158)
(338,-520,-143)
(335,-521,-152)
(329,-525,-150)
(327,-518,-156)
(317,-532,-155)
(325,-532,-144)
(318,-539,-149)
(311,-548,-156)
(305,-546,-148)
(306,-561,-152)
(298,-553,-154)
(288,-551,-147)
(289,-560,-149)
(271,-558,-157)
(280,-567,-138)
(272,-568,-147)
(272,-564,-151)
(263,-572,-138)
(261,-574,-149)
(263,-570,-146)
(251,-584,-149)
(242,-580,-152)
(248,-590,-154)
(236,-589,-149)
(242,-596,-149)
(241,-591,-157)
(219,-593,-154)
(220,-590,-150)
(218,-600,-149)
(212,-601,-144)
(215,-606,-142)
(204,-604,-145)
(186,-603,-153)
(191,-603,-149)
(184,-619,-158)
(185,-609,-153)
(174,-614,-153)
(182,-618,-157)
(165,-615,-160)
(168,-610,-142)
(162,-618,-150)
(164,-622,-151)
(155,-622,-156)
(154,-616,-166)
(156,-627,-155)
(143,-625,-141)
(137,-614,-147)
(136,-618,-156)
(143,-619,-151)
(139,-628,-154)
(135,-631,-149)
(135,-631,-147)
(126,-626,-152)
(126,-635,-144)
(128,-631,-158)
(129,-642,-135)
(125,-632,-153)
(118,-640,-150)
(111,-629,-151)
