(91,-654,-149)
(68,-640,-148)
(74,-640,-156)
(81,-633,-147)
(82,-638,-146)
(71,-633,-147)
(71,-646,-157)
(73,-639,-149)
(78,-638,-151)
(81,-639,-144)
(71,-641,-152)
(72,-639,-146)
(77,-651,-144)
(81,-634,-151)
(83,-645,-146)
(77,-650,-141)
(76,-632,-152)
(70,-626,-158)
(77,-637,-153)
(76,-635,-145)
(82,-643,-146)
(77,-650,-150)
(79,-630,-151)
(73,-641,-150)
(77,-635,-148)
(79,-645,-155)
(83,-635,-147)
(90,-638,-154)
(81,-634,-148)
(92,-630,-148)
(99,-635,-149)
(77,-638,-147)
(104,-635,-145)
(99,-643,-151)
(97,-629,-155)
(108,-624,-153)
(116,-642,-145)
(110,-629,-152)
(113,-634,-150)
(111,-630,-150)
(120,-632,-157)
(124,-627,-148)
(126,-631,-151)
(131,-627,-149)
(132,-641,-144)
(148,-631,-150)
(151,-627,-146)
(151,-620,-146)
(159,-612,-145)
(163,-620,-163)
(173,-613,-152)
(177,-612,-149)
(184,-608,-152)
(185,-612,-153)
(203,-610,-149)
(199,-604,-152)
(211,-600,-152)
(217,-606,-152)
(216,-595,-154)
(230,-594,-150)
(230,-592,-148)
(241,-567,-151)
(247,-587,-153)
(255,-576,-148)
(264,-575,-142)
(271,-571,-145)
(286,-569,-142)
(287,-558,-157)
(293,-547,-157)
(304,-546,-152)
(302,-548,-155)
(317,-538,-155)
(324,-530,-151)
(330,-519,-153)
(341,-517,-154)
(349,-510,-140)
(352,-503,-141)
(355,-493,-149)
(365,-481,-145)
(375,-481,-155)
(382,-472,-154)
(392,-472,-149)
(402,-445,-157)
(404,-437,-147)
(410,-430,-146)
(424,-414,-147)
(427,-408,-150)
(436,-413,-151)
(445,-392,-144)
(450,-392,-155)
(448,-380,-149)
(456,-363,-144)
(458,-351,-158)
(466,-340,-155)
(482,-343,-142)
(477,-329,-153)
(488,-315,-154)
(486,-305,-156)
(481,-304,-150)
(496,-290,-154)
(501,-282,-155)
(506,-274,-148)
(512,-255,-142)
(511,-241,-154)
(509,-239,-149)
(511,-228,-153)
(517,-220,-155)
(525,-215,-139)
(525,-197,-149)
(533,-183,-154)
(534,-172,-145)
(538,-168,-150)
(535,-157,-156)
(545,-148,-155)
(540,-136,-139)
(537,-124,-153)
(539,-115,-154)
(552,-106,-147)
(546,-98,-150)
(548,-86,-144)
(551,-77,-154)
(549,-70,-150)
(548,-62,-152)
(541,-49,-155)
(544,-46,-158)
(547,-29,-147)
(554,-30,-142)
(549,-12,-154)
(554,-6,-152)
(556,-1,-152)
(561,7,-146)
(542,13,-155)
(544,16,-142)
(551,26,-151)
(548,21,-154)
(550,30,-140)
(547,42,-154)
(552,52,-152)
(550,50,-146)
(550,60,-148)
(554,64,-151)
(556,72,-149)
(551,70,-152)
(558,80,-146)
(556,81,-153)
(553,80,-143)
(548,87,-152)
(557,88,-141)
(550,103,-148)
(541,104,-152)
(543,100,-143)
(553,111,-150)
(543,115,-155)
(544,98,-152)
(549,111,-143)
(549,124,-145)
(550,114,-152)
(542,113,-150)
(543,124,-158)
(542,112,-147)
(548,114,-158)
(543,109,-151)
(554,119,-157)
(548,106,-158)
(550,114,-158)
(547,103,-148)
(548,103,-156)
(555,106,-153)
(553,102,-156)
(551,97,-154)
(545,103,-152)
(552,93,-151)
(554,84,-151)
(556,72,-151)
(554,67,-154)
(560,67,-150)
(559,62,-152)
(550,60,-150)
(559,55,-146)
(551,54,-149)
(552,58,-153)
(561,51,-147)
(549,47,-156)
(553,42,-150)
(565,44,-153)
(549,47,-151)
(546,39,-146)
(567,37,-147)
(560,36,-150)
(557,34,-138)
(548,27,-152)
(554,29,-150)
(552,21,-153)
(559,15,-150)
(553,11,-154)
(556,12,-148)
(561,-8,-147)
(550,-5,-160)
(563,-8,-157)
(548,-17,-148)
(553,-23,-157)
(555,-35,-147)
(558,-37,-157)
(557,-48,-150)
(559,-55,-149)
(554,-60,-148)
(553,-74,-156)
(547,-80,-151)
(550,-89,-147)
(550,-87,-141)
(546,-104,-150)
(553,-109,-156)
(548,-121,-148)
(542,-122,-152)
(550,-138,-153)
(538,-140,-151)
(549,-157,-149)
(542,-166,-148)
(540,-163,-156)
(539,-182,-152)
(538,-188,-153)
(536,-195,-147)
(525,-205,-154)
(530,-211,-144)
(516,-226,-151)
(511,-240,-158)
(507,-248,-149)
(522,-251,-145)
(505,-268,-151)
(501,-269,-147)
(504,-276,-154)
(504,-297,-156)
(504,-298,-146)
(497,-296,-152)
(485,-313,-149)
(486,-317,-152)
(485,-322,-153)
(487,-341,-157)
(472,-334,-153)
(476,-339,-157)
(458,-344,-158)
(462,-348,-149)
(465,-362,-146)
(450,-373,-153)
(453,-385,-148)
(443,-386,-150)
(439,-392,-142)
(441,-388,-159)
(430,-404,-150)
(434,-411,-147)
(421,-413,-153)
(431,-433,-152)
(422,-426,-158)
(418,-441,-150)
(412,-448,-147)
(415,-447,-149)
(407,-445,-145)
(398,-444,-143)
(393,-450,-156)
(399,-461,-146)
(382,-461,-146)
(383,-474,-161)
(372,-483,-151)
(375,-478,-153)
(364,-493,-147)
(362,-485,-142)
(357,-495,-156)
(355,-496,-146)
(344,-503,-160)
(345,-510,-152)
(346,-506,-152)
(350,-520,-145)
(331,-520,-146)
(331,-531,-158)
(329,-531,-142)
(319,-534,-143)
(315,-532,-139)
(313,-534,-144)
(312,-534,-155)
(295,-546,-147)
(290,-544,-150)
(300,-562,-151)
(288,-556,-149)
(294,-556,-150)
(281,-562,-140)
(277,-555,-154)
(273,-560,-148)
(270,-577,-148)
(271,-578,-149)
(258,-566,-150)
(255,-575,-163)
(255,-580,-148)
(253,-587,-156)
(250,-586,-156)
(240,-586,-155)
(245,-587,-152)
(232,-580,-151)
(224,-607,-155)
(229,-604,-148)
(215,-600,-151)
(202,-611,-151)
(204,-592,-146)
(197,-605,-157)
(196,-608,-149)
(191,-619,-153)
(190,-619,-154)
(182,-615,-152)
(175,-607,-146)
(167,-618,-149)
(174,-618,-153)
(165,-619,-153)
(161,-624,-155)
(158,-616,-157)
(157,-621,-141)
(150,-629,-153)
(158,-620,-155)
(150,-625,-156)
(135,-625,-144)
(143,-622,-147)
(137,-633,-154)
(139,-626,-150)
(131,-623,-142)
(128,-628,-151)
(127,-633,-153)
(131,-634,-142)
(123,-636,-149)
(126,-637,-141)
(117,-627,-146)
(119,-628,-150)
(113,-631,-151)
