(77,-642,-149)
(79,-651,-147)
(71,-645,-143)
(76,-638,-152)
(81,-638,-151)
(74,-645,-146)
(69,-638,-151)
(85,-633,-151)
(77,-640,-140)
(67,-639,-147)
(73,-639,-148)
(73,-639,-153)
(74,-640,-143)
(69,-634,-154)
(72,-635,-148)
(79,-640,-143)
(69,-640,-150)
(75,-640,-147)
(77,-638,-154)
(77,-641,-151)
(74,-636,-144)
(73,-635,-157)
(78,-647,-148)
(84,-638,-154)
(82,-638,-158)
(77,-638,-155)
(79,-637,-159)
(78,-640,-151)
(82,-636,-152)
(89,-639,-150)
(93,-646,-146)
(93,-636,-146)
(83,-633,-153)
(103,-648,-149)
(93,-640,-148)
(107,-640,-149)
(97,-637,-157)
(114,-632,-147)
(106,-628,-148)
(118,-629,-146)
(130,-636,-150)
(130,-631,-151)
(121,-635,-152)
(133,-631,-158)
(137,-626,-143)
(138,-628,-145)
(150,-628,-144)
(168,-628,-149)
(165,-616,-150)
(171,-622,-156)
(161,-616,-158)
(168,-619,-151)
(183,-612,-152)
(189,-609,-151)
(194,-609,-152)
(199,-607,-154)
(205,-600,-141)
(210,-600,-146)
(226,-595,-137)
(226,-590,-148)
(228,-595,-154)
(245,-587,-143)
(242,-578,-152)
(266,-573,-146)
(270,-580,-151)
(274,-564,-152)
(277,-561,-135)
(286,-552,-151)
(294,-560,-155)
(302,-552,-149)
(303,-526,-150)
(318,-541,-155)
(321,-528,-137)
(329,-522,-148)
(337,-519,-150)
(346,-504,-146)
(358,-503,-146)
(360,-491,-148)
(368,-497,-151)
(382,-480,-152)
(373,-473,-158)
(392,-467,-149)
(404,-453,-149)
(407,-445,-145)
(408,-428,-157)
(416,-421,-143)
(427,-413,-150)
(435,-407,-146)
(444,-395,-151)
(443,-384,-150)
(446,-385,-162)
(444,-363,-147)
(465,-367,-151)
(467,-354,-150)
(472,-336,-142)
(478,-321,-143)
(489,-320,-148)
(482,-310,-154)
(495,-299,-150)
(494,-297,-147)
(494,-280,-148)
(503,-266,-153)
(502,-263,-149)
(508,-248,-153)
(515,-232,-156)
(515,-224,-153)
(519,-219,-155)
(525,-201,-154)
(528,-201,-161)
(537,-189,-148)
(534,-174,-158)
(526,-162,-155)
(538,-156,-151)
(533,-142,-147)
(533,-121,-147)
(537,-128,-152)
(531,-121,-151)
(543,-106,-144)
(544,-100,-149)
(545,-94,-153)
(542,-76,-139)
(548,-67,-152)
(547,-65,-152)
(557,-54,-152)
(543,-40,-149)
(548,-43,-152)
(550,-27,-146)
(559,-33,-150)
(554,-15,-152)
(544,1,-162)
(550,3,-138)
(542,6,-146)
(552,12,-148)
(553,23,-152)
(551,28,-148)
(551,34,-147)
(563,46,-147)
(541,41,-145)
(550,60,-152)
(552,54,-158)
(551,66,-148)
(552,65,-153)
(547,78,-150)
(550,74,-157)
(544,82,-146)
(547,91,-152)
(547,91,-152)
(548,98,-156)
(551,101,-149)
(553,99,-151)
(541,100,-154)
(547,101,-157)
(539,100,-152)
(544,111,-151)
(542,113,-142)
(541,107,-143)
(550,103,-148)
(545,113,-149)
(548,112,-156)
(543,108,-160)
(532,110,-151)
(545,111,-155)
(552,121,-148)
(540,116,-153)
(558,107,-151)
(558,113,-146)
(547,104,-160)
(552,104,-156)
(539,102,-152)
(552,94,-155)
(556,94,-150)
(550,86,-160)
(559,80,-158)
(552,81,-149)
(557,78,-150)
(549,68,-154)
(559,58,-154)
(547,57,-153)
(561,58,-150)
(557,60,-147)
(562,53,-149)
(552,55,-155)
(551,49,-148)
(547,50,-153)
(545,53,-143)
(557,48,-155)
(542,37,-154)
(549,38,-154)
(549,36,-154)
(552,19,-151)
(567,25,-148)
(560,29,-155)
(550,13,-155)
(561,13,-144)
(561,1,-151)
(553,1,-156)
(563,12,-153)
(563,-7,-153)
(558,-7,-148)
(558,-10,-151)
(554,-33,-158)
(560,-36,-148)
(557,-43,-147)
(556,-56,-142)
(549,-59,-154)
(561,-59,-150)
(559,-70,-151)
(547,-77,-151)
(550,-84,-149)
(558,-97,-155)
(546,-106,-156)
(554,-105,-161)
(553,-115,-159)
(543,-129,-145)
(542,-135,-148)
(542,-149,-140)
(541,-156,-150)
(537,-158,-156)
(542,-172,-146)
(530,-180,-145)
(542,-184,-144)
(538,-195,-155)
(517,-205,-162)
(521,-212,-142)
(517,-229,-156)
(512,-246,-145)
(512,-246,-152)
(514,-258,-150)
(511,-267,-147)
(507,-272,-159)
(504,-274,-156)
(495,-283,-146)
(502,-290,-151)
(495,-304,-150)
(489,-319,-144)
(484,-317,-163)
(480,-328,-147)
(466,-339,-144)
(470,-337,-154)
(473,-346,-157)
(467,-357,-149)
(464,-362,-154)
(458,-364,-146)
(460,-366,-157)
(456,-375,-152)
(447,-392,-153)
(445,-386,-149)
(447,-398,-153)
(444,-411,-145)
(430,-408,-146)
(424,-422,-149)
(433,-415,-149)
(419,-427,-161)
(413,-436,-156)
(411,-445,-152)
(409,-452,-153)
(395,-461,-152)
(396,-454,-147)
(397,-460,-145)
(390,-463,-149)
(382,-471,-157)
(379,-476,-149)
(385,-481,-148)
(374,-476,-142)
(370,-482,-155)
(366,-494,-158)
(353,-498,-134)
(353,-503,-153)
(344,-492,-145)
(357,-520,-143)
(342,-513,-148)
(333,-517,-153)
(339,-522,-151)
(325,-528,-152)
(332,-526,-145)
(328,-528,-149)
(322,-531,-161)
(320,-532,-153)
(312,-546,-148)
(300,-541,-153)
(301,-542,-156)
(303,-543,-147)
(297,-553,-145)
(284,-552,-148)
(281,-550,-143)
(284,-564,-154)
(278,-571,-151)
(268,-570,-151)
(263,-578,-158)
(258,-577,-156)
(254,-572,-153)
(267,-579,-145)
(241,-578,-146)
(244,-583,-152)
(237,-590,-149)
(240,-593,-153)
(240,-582,-149)
(220,-585,-148)
(221,-602,-150)
(217,-598,-154)
(213,-594,-150)
(200,-608,-148)
(206,-600,-159)
(191,-614,-155)
(193,-609,-157)
(187,-607,-149)
(182,-613,-150)
(185,-608,-149)
(171,-607,-148)
(166,-617,-148)
(170,-622,-151)
(167,-624,-145)
(163,-619,-154)
(157,-621,-142)
(153,-613,-147)
(154,-627,-134)
(145,-629,-149)
(143,-630,-148)
(142,-619,-149)
(133,-624,-158)
(132,-635,-148)
(136,-632,-150)
(132,-635,-149)
(129,-629,-158)
(114,-631,-151)
(119,-635,-140)
(123,-634,-148)
(126,-628,-155)
(123,-632,-154)
(127,-630,-153)
