(37,-636,-209)
(48,-631,-213)
(56,-634,-203)
(48,-643,-204)
(37,-627,-208)
(53,-630,-206)
(37,-624,-208)
(45,-634,-196)
(48,-628,-214)
(40,-640,-196)
(43,-635,-210)
(39,-633,-206)
(43,-634,-207)
(51,-633,-213)
(47,-627,-203)
(43,-636,-198)
(44,-631,-199)
(49,-632,-196)
(46,-640,-206)
(49,-632,-196)
(47,-639,-201)
(47,-644,-204)
(47,-637,-199)
(47,-631,-206)
(47,-639,-196)
(61,-635,-205)
(47,-631,-206)
(49,-633,-209)
(46,-633,-204)
(50,-639,-205)
(60,-630,-204)
(56,-632,-205)
(56,-624,-207)
(52,-626,-215)
(53,-630,-205)
(56,-620,-230)
(60,-633,-216)
(64,-633,-215)
(66,-627,-203)
(69,-618,-215)
(73,-626,-218)
(76,-626,-211)
(78,-615,-218)
(76,-630,-209)
(76,-630,-221)
(90,-620,-220)
(88,-621,-220)
(95,-624,-217)
(98,-621,-214)
(94,-624,-207)
(110,-617,-226)
(109,-632,-214)
(112,-620,-214)
(112,-613,-221)
(120,-610,-212)
(122,-614,-220)
(128,-615,-223)
(133,-612,-211)
(137,-612,-219)
(142,-607,-220)
(161,-603,-224)
(169,-598,-225)
(163,-593,-218)
(173,-600,-216)
(177,-595,-225)
(192,-602,-213)
(191,-577,-217)
(197,-588,-219)
(203,-589,-219)
(211,-577,-215)
(216,-576,-220)
(218,-575,-219)
(228,-570,-222)
(243,-563,-219)
(246,-559,-223)
(262,-557,-219)
(259,-558,-218)
(268,-545,-229)
(273,-539,-216)
(279,-541,-219)
(295,-532,-219)
(305,-519,-219)
(318,-522,-213)
(305,-513,-212)
(318,-509,-219)
(337,-502,-224)
(326,-497,-220)
(339,-492,-216)
(345,-493,-221)
(355,-480,-231)
(353,-470,-221)
(361,-468,-218)
(371,-460,-226)
(387,-453,-219)
(382,-436,-215)
(388,-439,-213)
(392,-421,-212)
(400,-416,-224)
(400,-414,-221)
(415,-404,-219)
(413,-406,-221)
(421,-394,-220)
(425,-383,-213)
(428,-368,-220)
(436,-363,-222)
(441,-355,-217)
(428,-351,-222)
(445,-350,-218)
(453,-330,-227)
(451,-329,-211)
(454,-323,-214)
(450,-318,-213)
(465,-307,-217)
(462,-289,-223)
(465,-290,-210)
(479,-276,-213)
(483,-271,-210)
(487,-253,-206)
(485,-245,-207)
(484,-229,-203)
(494,-229,-205)
(488,-210,-206)
(494,-199,-208)
(503,-196,-201)
(497,-179,-207)
(500,-174,-199)
(494,-155,-204)
(504,-154,-208)
(504,-138,-201)
(507,-137,-202)
(505,-125,-189)
(500,-112,-201)
(504,-99,-202)
(500,-100,-199)
(501,-82,-214)
(510,-83,-196)
(509,-64,-200)
(503,-58,-193)
(513,-34,-198)
(509,-44,-194)
(500,-29,-198)
(513,-17,-209)
(506,-7,-198)
(494,7,-192)
(506,8,-189)
(504,22,-203)
(500,22,-198)
(499,27,-198)
(483,42,-198)
(498,57,-198)
(494,63,-194)
(491,71,-203)
(487,79,-203)
(484,93,-187)
(472,102,-195)
(478,117,-193)
(465,108,-198)
(470,122,-193)
(461,120,-186)
(453,147,-197)
(459,153,-189)
(453,156,-201)
(443,164,-202)
(441,164,-180)
(442,180,-202)
(442,190,-196)
(438,194,-193)
(433,192,-190)
(422,193,-191)
(425,206,-191)
(413,216,-191)
(400,210,-198)
(409,226,-188)
(407,232,-190)
(396,237,-197)
(390,248,-192)
(379,257,-179)
(379,252,-185)
(373,266,-189)
(367,263,-184)
(365,265,-174)
(360,274,-194)
(348,274,-192)
(357,269,-185)
(337,276,-191)
(342,281,-184)
(339,283,-176)
(316,296,-186)
(316,298,-181)
(316,296,-183)
(313,303,-185)
(307,300,-180)
(300,306,-187)
(293,301,-190)
(293,315,-181)
(294,316,-187)
(290,312,-182)
(291,312,-186)
(272,321,-182)
(273,305,-182)
(260,314,-194)
(271,329,-189)
(265,324,-181)
(256,316,-182)
(257,321,-178)
(253,323,-189)
(241,308,-174)
(239,328,-177)
(238,322,-174)
(235,318,-184)
(217,314,-176)
(228,310,-187)
(219,328,-171)
(219,310,-184)
(217,326,-179)
(213,314,-175)
(207,319,-170)
(207,325,-174)
(209,319,-177)
(203,318,-181)
(197,319,-182)
(195,310,-181)
(198,320,-188)
(195,308,-177)
(193,311,-175)
(189,323,-177)
(194,309,-170)
(186,309,-181)
(172,311,-183)
(184,324,-179)
(180,313,-173)
(183,310,-170)
(183,304,-172)
(180,312,-178)
(191,312,-174)
(181,313,-183)
(179,310,-179)
(184,310,-175)
(185,310,-169)
(194,303,-179)
(186,302,-174)
(196,308,-177)
(201,310,-182)
(190,293,-176)
(198,293,-173)
(207,302,-178)
(216,294,-182)
(197,290,-182)
(210,292,-177)
(222,285,-182)
(216,296,-174)
(218,289,-179)
(218,296,-183)
(226,281,-178)
(225,278,-179)
(236,283,-177)
(238,277,-173)
(246,275,-188)
(251,280,-176)
(251,280,-173)
(247,277,-180)
(257,269,-182)
(257,271,-176)
(267,261,-172)
(265,264,-169)
(271,258,-180)
(266,256,-186)
(279,245,-175)
(290,253,-178)
(295,251,-181)
(296,246,-171)
(303,231,-174)
(303,240,-180)
(308,221,-166)
(308,231,-174)
(311,225,-173)
(306,216,-171)
(315,216,-169)
(327,214,-178)
(319,202,-162)
(328,203,-173)
(342,195,-168)
(335,195,-178)
(346,195,-172)
(343,180,-165)
(351,173,-165)
(351,170,-168)
(355,174,-165)
(371,164,-158)
(366,159,-162)
(364,154,-161)
(363,149,-170)
(368,148,-157)
(374,148,-167)
(374,139,-164)
(383,131,-155)
(380,133,-161)
(386,126,-162)
(392,114,-166)
(391,123,-166)
(395,112,-165)
(395,104,-168)
(407,82,-160)
(405,83,-165)
(406,83,-172)
(411,73,-161)
(408,73,-175)
(420,64,-167)
(415,59,-173)
(420,46,-164)
(425,46,-167)
(417,50,-169)
(433,36,-162)
(434,21,-166)
(437,18,-176)
(437,19,-175)
(431,6,-174)
(429,6,-171)
(435,-2,-174)
(425,-11,-167)
(436,-22,-173)
(425,-22,-169)
(449,-35,-170)
(436,-32,-166)
(439,-44,-167)
(441,-58,-173)
(459,-63,-163)
(446,-64,-167)
(443,-79,-171)
(460,-91,-174)
(453,-92,-154)
(447,-97,-169)
(451,-111,-172)
(445,-116,-172)
(452,-123,-170)
(452,-126,-167)
(441,-136,-167)
(453,-142,-167)
(447,-152,-163)
(449,-153,-168)
(455,-163,-165)
(454,-179,-165)
(447,-184,-167)
(439,-181,-169)
(444,-196,-175)
(448,-197,-169)
(452,-212,-173)
(444,-219,-168)
(429,-236,-172)
(431,-231,-172)
(441,-249,-168)
(434,-246,-171)
(436,-260,-165)
(428,-266,-172)
(425,-272,-175)
(434,-277,-173)
(420,-279,-163)
(427,-291,-176)
(423,-297,-161)
(430,-307,-170)
(424,-316,-171)
(411,-321,-169)
(413,-324,-169)
(408,-333,-171)
(406,-342,-173)
(410,-349,-176)
(399,-351,-170)
(403,-361,-167)
(391,-373,-168)
(390,-376,-171)
(385,-372,-162)
(381,-392,-174)
(380,-403,-164)
(377,-402,-167)
(376,-407,-164)
(374,-408,-159)
(362,-404,-165)
(364,-424,-167)
(357,-433,-177)
(355,-439,-166)
(350,-449,-168)
(343,-458,-166)
(342,-461,-170)
(342,-457,-168)
(335,-462,-171)
(326,-472,-174)
(326,-478,-168)
(325,-480,-168)
(322,-485,-168)
(314,-488,-170)
(317,-499,-168)
(298,-501,-162)
(303,-507,-168)
(292,-518,-165)
(282,-517,-179)
(295,-515,-172)
(285,-528,-170)
(270,-534,-174)
(279,-524,-166)
(270,-537,-165)
(264,-536,-167)
(249,-540,-169)
(255,-551,-165)
(253,-556,-158)
(239,-550,-165)
(241,-566,-164)
(235,-571,-174)
(231,-575,-168)
(227,-584,-159)
(222,-569,-171)
(205,-581,-176)
(204,-584,-171)
(204,-583,-178)
(196,-589,-171)
(181,-604,-171)
(176,-593,-169)
(177,-610,-163)
(167,-602,-172)
(164,-608,-181)
(155,-612,-170)
(163,-619,-160)
(163,-611,-181)
(148,-618,-172)
(137,-616,-172)
(137,-623,-168)
(134,-626,-178)
(132,-624,-172)
(122,-620,-171)
(114,-629,-173)
(110,-623,-173)
(107,-632,-167)
(97,-627,-173)
(95,-630,-184)
(86,-634,-173)
(85,-634,-182)
(79,-637,-183)
(82,-631,-187)
(61,-635,-175)
(60,-638,-175)
(60,-635,-181)
(48,-630,-174)
(52,-638,-187)
(41,-636,-187)
(46,-636,-190)
(37,-639,-194)
(25,-639,-189)
(24,-638,-185)
(29,-641,-193)
(23,-654,-199)
(19,-644,-202)
(19,-636,-192)
(4,-645,-192)
(18,-632,-189)
(24,-634,-201)
(25,-624,-198)
(23,-635,-205)
(12,-631,-205)
(21,-639,-204)
(21,-637,-205)
(20,-633,-221)
(22,-639,-212)
(25,-636,-215)
(26,-640,-215)
(24,-638,-208)
(27,-639,-222)
(31,-637,-220)
(45,-629,-217)
(33,-635,-224)
(37,-639,-225)
(39,-627,-224)
(39,-628,-222)
(41,-629,-231)
(49,-631,-227)
(52,-636,-219)
(45,-635,-230)
(54,-634,-219)
(47,-630,-224)
(60,-637,-220)
(53,-632,-226)
(57,-624,-220)
(62,-636,-229)
