(39,-630,-197)
(49,-633,-203)
(47,-634,-205)
(43,-630,-208)
(43,-644,-206)
(50,-621,-210)
(46,-634,-203)
(41,-628,-202)
(43,-627,-208)
(50,-636,-201)
(37,-633,-211)
(37,-629,-208)
(40,-637,-206)
(50,-630,-204)
(47,-631,-210)
(48,-632,-197)
(46,-641,-205)
(36,-630,-211)
(40,-628,-206)
(41,-630,-211)
(47,-636,-197)
(42,-627,-197)
(53,-633,-210)
(47,-627,-203)
(53,-627,-205)
(50,-636,-208)
(45,-635,-204)
(48,-632,-209)
(50,-633,-202)
(63,-632,-204)
(60,-635,-205)
(58,-628,-212)
(58,-626,-217)
(52,-637,-206)
(63,-630,-206)
(58,-628,-208)
(69,-636,-208)
(56,-618,-218)
(69,-640,-207)
(76,-628,-211)
(70,-624,-209)
(65,-636,-221)
(67,-630,-216)
(76,-634,-212)
(83,-623,-212)
(86,-626,-212)
(89,-629,-217)
(90,-620,-200)
(89,-618,-208)
(106,-623,-217)
(105,-623,-220)
(111,-611,-220)
(103,-618,-221)
(110,-616,-223)
(123,-609,-219)
(118,-609,-212)
(128,-611,-221)
(147,-610,-214)
(138,-605,-218)
(140,-607,-220)
(152,-609,-227)
(156,-606,-225)
(164,-597,-226)
(165,-596,-216)
(170,-599,-220)
(182,-598,-222)
(186,-592,-222)
(205,-589,-228)
(204,-577,-226)
(207,-584,-215)
(221,-576,-220)
(230,-575,-233)
(227,-561,-218)
(239,-568,-215)
(253,-568,-219)
(256,-559,-214)
(269,-540,-225)
(267,-553,-222)
(275,-539,-218)
(287,-531,-220)
(290,-532,-221)
(293,-533,-226)
(306,-519,-221)
(321,-516,-210)
(322,-508,-225)
(329,-501,-216)
(328,-498,-221)
(354,-492,-212)
(338,-483,-216)
(345,-478,-222)
(357,-466,-212)
(366,-477,-221)
(374,-453,-221)
(376,-454,-213)
(375,-452,-218)
(382,-433,-215)
(393,-438,-217)
(394,-414,-219)
(406,-417,-221)
(411,-407,-213)
(407,-398,-212)
(416,-385,-220)
(424,-383,-216)
(427,-370,-220)
(430,-373,-217)
(442,-358,-222)
(442,-343,-213)
(450,-343,-226)
(448,-334,-210)
(462,-332,-222)
(456,-335,-223)
(447,-313,-207)
(473,-313,-210)
(472,-290,-214)
(467,-282,-215)
(474,-262,-216)
(468,-269,-203)
(484,-247,-205)
(483,-240,-210)
(498,-229,-209)
(496,-232,-211)
(494,-212,-206)
(494,-204,-205)
(495,-190,-205)
(499,-186,-196)
(501,-165,-199)
(508,-153,-199)
(505,-159,-207)
(503,-143,-206)
(500,-137,-197)
(517,-126,-201)
(508,-115,-203)
(506,-104,-204)
(507,-103,-199)
(504,-80,-208)
(504,-70,-201)
(497,-66,-186)
(510,-59,-195)
(501,-52,-198)
(506,-34,-186)
(504,-26,-201)
(512,-25,-202)
(508,-11,-195)
(493,10,-192)
(502,-2,-198)
(504,24,-191)
(493,20,-192)
(499,33,-186)
(485,50,-193)
(482,56,-196)
(485,62,-197)
(483,75,-194)
(489,85,-196)
(472,89,-201)
(471,101,-195)
(476,102,-196)
(463,123,-191)
(468,125,-191)
(465,136,-197)
(462,147,-200)
(458,158,-190)
(450,157,-192)
(452,148,-190)
(444,180,-183)
(444,186,-193)
(431,177,-182)
(435,189,-191)
(433,193,-188)
(424,202,-195)
(418,206,-192)
(410,212,-184)
(409,214,-185)
(410,237,-190)
(399,230,-191)
(397,230,-182)
(384,237,-190)
(379,254,-193)
(388,259,-188)
(378,254,-196)
(376,271,-188)
(372,271,-184)
(367,267,-190)
(347,268,-188)
(362,284,-190)
(357,281,-193)
(337,286,-189)
(337,281,-186)
(327,294,-175)
(326,298,-189)
(314,300,-189)
(304,308,-191)
(310,303,-182)
(310,304,-184)
(298,316,-187)
(297,307,-185)
(286,304,-183)
(281,319,-184)
(280,319,-185)
(273,318,-188)
(272,316,-189)
(268,311,-182)
(259,315,-178)
(258,322,-177)
(253,331,-179)
(253,322,-179)
(244,322,-179)
(248,316,-181)
(240,331,-183)
(239,319,-182)
(239,321,-181)
(231,318,-187)
(228,317,-189)
(213,315,-172)
(223,317,-180)
(216,315,-179)
(215,320,-183)
(221,316,-182)
(196,318,-177)
(192,319,-177)
(192,309,-170)
(199,316,-177)
(196,322,-174)
(203,323,-171)
(184,322,-176)
(190,306,-176)
(184,314,-173)
(198,310,-190)
(194,309,-186)
(187,311,-183)
(189,312,-179)
(190,310,-172)
(183,317,-172)
(182,314,-174)
(186,314,-171)
(182,307,-181)
(188,294,-168)
(181,309,-170)
(191,316,-174)
(186,294,-183)
(182,299,-183)
(204,300,-177)
(190,299,-181)
(196,305,-184)
(196,290,-195)
(212,306,-170)
(200,304,-177)
(203,295,-180)
(216,284,-188)
(214,289,-171)
(217,294,-177)
(213,296,-181)
(218,290,-181)
(228,285,-166)
(226,294,-176)
(227,284,-179)
(229,280,-183)
(227,282,-171)
(242,278,-179)
(246,282,-177)
(245,269,-177)
(255,265,-167)
(256,267,-175)
(259,265,-182)
(265,263,-188)
(261,269,-182)
(265,253,-175)
(268,250,-179)
(272,258,-172)
(285,251,-180)
(289,245,-173)
(291,240,-168)
(301,239,-185)
(298,232,-178)
(306,234,-179)
(295,221,-176)
(317,222,-173)
(314,223,-174)
(324,207,-182)
(327,199,-166)
(324,204,-172)
(329,204,-168)
(342,191,-176)
(340,196,-175)
(342,186,-170)
(350,187,-164)
(356,183,-160)
(348,170,-165)
(361,168,-174)
(359,174,-161)
(369,163,-163)
(365,152,-170)
(369,148,-161)
(372,139,-165)
(381,140,-168)
(372,140,-166)
(383,131,-165)
(381,133,-157)
(383,124,-156)
(394,114,-177)
(392,110,-163)
(393,113,-158)
(402,105,-177)
(399,88,-168)
(405,76,-169)
(399,81,-165)
(405,74,-171)
(414,75,-172)
(409,64,-171)
(422,59,-168)
(416,63,-177)
(413,38,-164)
(423,42,-177)
(423,19,-167)
(422,24,-175)
(431,18,-174)
(423,18,-166)
(433,4,-173)
(431,-4,-169)
(435,0,-170)
(438,-18,-165)
(444,-20,-175)
(437,-30,-168)
(442,-27,-163)
(439,-37,-173)
(452,-51,-171)
(442,-50,-167)
(436,-63,-164)
(440,-74,-163)
(447,-83,-176)
(441,-81,-175)
(447,-90,-167)
(450,-99,-165)
(440,-100,-176)
(443,-116,-163)
(452,-129,-172)
(445,-124,-172)
(446,-128,-164)
(445,-137,-169)
(456,-156,-162)
(454,-159,-170)
(446,-159,-170)
(442,-167,-176)
(440,-176,-166)
(442,-200,-166)
(443,-195,-170)
(444,-205,-174)
(446,-212,-164)
(436,-221,-175)
(438,-234,-166)
(431,-237,-166)
(441,-246,-166)
(437,-248,-169)
(438,-255,-168)
(423,-255,-161)
(442,-266,-168)
(429,-284,-174)
(429,-283,-168)
(420,-293,-161)
(421,-300,-167)
(416,-304,-176)
(407,-311,-169)
(414,-312,-178)
(408,-332,-166)
(413,-333,-165)
(412,-332,-168)
(392,-350,-167)
(404,-356,-167)
(408,-359,-176)
(393,-373,-168)
(393,-376,-167)
(385,-376,-166)
(384,-381,-167)
(380,-399,-174)
(371,-406,-174)
(381,-406,-175)
(369,-419,-178)
(370,-413,-163)
(356,-438,-167)
(353,-437,-166)
(360,-441,-162)
(358,-442,-169)
(344,-443,-167)
(339,-449,-176)
(336,-454,-173)
(340,-450,-166)
(339,-467,-171)
(325,-471,-167)
(323,-483,-173)
(318,-479,-172)
(312,-495,-177)
(309,-493,-176)
(304,-504,-172)
(303,-505,-173)
(295,-522,-171)
(295,-512,-165)
(294,-518,-168)
(282,-526,-189)
(277,-526,-172)
(268,-534,-163)
(259,-539,-172)
(258,-543,-166)
(257,-547,-166)
(251,-555,-162)
(256,-547,-174)
(238,-559,-164)
(239,-565,-167)
(235,-568,-158)
(225,-576,-169)
(212,-577,-182)
(216,-584,-175)
(214,-581,-168)
(210,-583,-175)
(209,-591,-174)
(201,-596,-163)
(187,-587,-161)
(181,-581,-177)
(185,-598,-173)
(174,-602,-166)
(170,-622,-166)
(161,-604,-169)
(155,-610,-169)
(147,-616,-167)
(139,-611,-175)
(147,-621,-179)
(136,-617,-169)
(126,-619,-173)
(128,-628,-179)
(122,-627,-169)
(113,-629,-177)
(102,-625,-174)
(97,-622,-179)
(98,-620,-178)
(76,-626,-174)
(92,-641,-178)
(82,-637,-179)
(79,-644,-188)
(79,-640,-178)
(65,-644,-180)
(62,-639,-181)
(62,-635,-180)
(55,-640,-188)
(56,-636,-179)
(41,-634,-194)
(40,-640,-195)
(38,-645,-188)
(32,-636,-191)
(38,-642,-183)
(26,-636,-188)
(13,-641,-193)
(10,-643,-205)
(30,-641,-190)
(27,-639,-200)
(21,-634,-195)
(29,-630,-199)
(12,-639,-205)
(18,-637,-212)
(12,-637,-204)
(17,-638,-205)
(29,-640,-203)
(16,-639,-210)
(25,-630,-213)
(24,-640,-220)
(25,-636,-217)
(25,-635,-228)
(28,-641,-216)
(31,-629,-209)
(28,-637,-212)
(37,-627,-211)
(36,-629,-223)
(38,-639,-219)
(42,-635,-219)
(46,-633,-227)
(47,-635,-222)
(38,-631,-223)
(51,-641,-219)
(50,-625,-228)
(45,-631,-214)
(48,-622,-219)
(62,-626,-224)
(57,-638,-225)
(64,-622,-222)
