(36,-639,-199)
(44,-637,-203)
(41,-637,-201)
(35,-630,-209)
(51,-637,-214)
(49,-630,-207)
(41,-632,-217)
(46,-639,-207)
(41,-636,-211)
(41,-633,-207)
(28,-626,-210)
(42,-627,-209)
(51,-629,-201)
(45,-634,-200)
(46,-634,-209)
(54,-634,-203)
(46,-632,-206)
(41,-620,-200)
(46,-629,-208)
(44,-632,-201)
(48,-631,-204)
(45,-628,-205)
(45,-631,-205)
(48,-628,-201)
(48,-627,-203)
(54,-636,-210)
(50,-628,-205)
(51,-637,-216)
(49,-633,-211)
(54,-627,-207)
(58,-636,-213)
(58,-631,-201)
(58,-637,-201)
(58,-633,-211)
(54,-637,-201)
(59,-626,-211)
(67,-627,-213)
(68,-630,-213)
(65,-632,-218)
(76,-630,-212)
(68,-631,-212)
(71,-627,-224)
(73,-629,-219)
(70,-627,-207)
(88,-627,-214)
(89,-625,-217)
(95,-623,-208)
(91,-630,-215)
(84,-626,-210)
(98,-628,-215)
(102,-621,-218)
(110,-629,-214)
(113,-616,-219)
(119,-621,-222)
(132,-609,-218)
(122,-603,-221)
(133,-616,-221)
(132,-605,-224)
(149,-606,-216)
(144,-608,-217)
(157,-601,-217)
(169,-595,-223)
(168,-599,-228)
(176,-604,-225)
(178,-590,-223)
(184,-593,-226)
(192,-590,-230)
(195,-589,-225)
(200,-590,-218)
(213,-581,-220)
(219,-575,-220)
(228,-573,-212)
(237,-567,-227)
(240,-571,-222)
(248,-562,-212)
(262,-553,-215)
(262,-549,-217)
(276,-550,-216)
(271,-541,-218)
(290,-539,-215)
(289,-533,-223)
(283,-527,-222)
(314,-517,-216)
(308,-520,-219)
(321,-506,-210)
(329,-508,-230)
(326,-496,-216)
(346,-482,-223)
(350,-488,-213)
(352,-467,-231)
(364,-482,-214)
(358,-465,-225)
(367,-459,-221)
(369,-449,-213)
(385,-451,-209)
(386,-423,-219)
(393,-430,-214)
(397,-423,-216)
(403,-406,-216)
(402,-421,-222)
(425,-398,-225)
(418,-384,-217)
(421,-382,-215)
(423,-379,-223)
(442,-364,-216)
(441,-365,-215)
(434,-363,-217)
(444,-347,-221)
(444,-331,-214)
(456,-325,-217)
(459,-318,-212)
(467,-311,-222)
(468,-299,-216)
(462,-283,-214)
(468,-280,-207)
(463,-279,-216)
(481,-261,-219)
(477,-251,-215)
(495,-242,-223)
(483,-221,-212)
(487,-226,-208)
(490,-209,-201)
(489,-205,-199)
(493,-196,-206)
(493,-184,-199)
(499,-177,-205)
(507,-159,-195)
(503,-157,-203)
(501,-148,-205)
(515,-141,-197)
(505,-127,-197)
(502,-116,-206)
(511,-105,-193)
(508,-98,-194)
(509,-90,-198)
(511,-77,-193)
(509,-63,-192)
(512,-53,-201)
(502,-44,-196)
(499,-40,-193)
(504,-28,-196)
(511,-27,-201)
(507,-12,-200)
(498,0,-202)
(507,1,-195)
(502,18,-190)
(505,26,-195)
(500,37,-196)
(493,44,-200)
(484,57,-202)
(491,57,-181)
(479,70,-197)
(482,76,-184)
(483,90,-193)
(475,97,-190)
(478,115,-194)
(478,119,-185)
(469,120,-191)
(467,128,-203)
(462,144,-195)
(453,141,-188)
(456,162,-192)
(454,163,-191)
(446,161,-178)
(443,179,-188)
(444,175,-194)
(430,182,-187)
(424,188,-194)
(425,204,-197)
(416,215,-194)
(422,213,-191)
(401,223,-191)
(408,222,-180)
(405,228,-187)
(395,234,-191)
(402,248,-190)
(389,252,-186)
(381,251,-184)
(374,267,-184)
(373,258,-190)
(365,256,-182)
(357,281,-189)
(372,276,-186)
(351,283,-181)
(352,282,-184)
(344,291,-186)
(337,287,-189)
(322,306,-186)
(320,299,-184)
(322,301,-183)
(312,294,-184)
(313,302,-189)
(305,309,-184)
(297,309,-179)
(286,312,-188)
(294,310,-194)
(281,321,-186)
(279,314,-190)
(277,313,-179)
(274,316,-186)
(262,312,-185)
(267,315,-187)
(254,322,-177)
(241,319,-179)
(255,317,-180)
(246,310,-179)
(242,313,-174)
(240,314,-179)
(235,319,-187)
(228,320,-186)
(230,317,-183)
(228,316,-174)
(215,325,-183)
(219,316,-177)
(210,321,-176)
(214,320,-180)
(199,315,-179)
(199,322,-183)
(203,319,-177)
(200,320,-182)
(199,316,-179)
(199,326,-178)
(182,308,-186)
(181,320,-184)
(175,315,-177)
(184,308,-177)
(181,312,-175)
(174,309,-175)
(180,320,-174)
(184,313,-180)
(177,307,-179)
(184,307,-177)
(183,312,-173)
(183,315,-181)
(184,311,-175)
(195,310,-169)
(190,311,-175)
(190,308,-179)
(188,298,-173)
(188,301,-169)
(190,300,-187)
(196,302,-169)
(196,301,-180)
(200,314,-180)
(199,304,-177)
(193,298,-176)
(209,294,-176)
(211,284,-182)
(203,290,-186)
(213,294,-165)
(217,294,-185)
(236,293,-184)
(221,281,-182)
(229,281,-174)
(229,282,-188)
(237,275,-179)
(241,275,-168)
(240,282,-176)
(249,266,-180)
(249,273,-173)
(253,265,-178)
(250,270,-175)
(261,260,-169)
(267,263,-179)
(276,260,-177)
(273,258,-174)
(279,252,-172)
(279,249,-172)
(282,255,-178)
(290,244,-176)
(288,236,-168)
(295,236,-168)
(307,227,-173)
(309,227,-187)
(304,221,-178)
(312,218,-173)
(313,220,-181)
(314,207,-172)
(325,211,-166)
(321,205,-170)
(336,207,-168)
(338,201,-172)
(337,189,-168)
(341,193,-161)
(341,181,-164)
(352,182,-162)
(353,172,-167)
(362,170,-166)
(356,164,-170)
(362,165,-168)
(367,156,-154)
(366,150,-171)
(369,149,-165)
(374,145,-174)
(377,140,-161)
(380,134,-164)
(381,127,-171)
(397,127,-162)
(386,128,-175)
(383,112,-166)
(400,114,-159)
(388,100,-171)
(395,78,-166)
(408,89,-164)
(411,76,-153)
(401,74,-166)
(414,83,-166)
(415,58,-172)
(417,57,-172)
(427,48,-164)
(425,46,-167)
(427,42,-175)
(420,25,-170)
(431,23,-171)
(423,24,-160)
(431,7,-161)
(437,4,-178)
(440,3,-166)
(433,-3,-172)
(435,-12,-168)
(436,-24,-174)
(445,-27,-171)
(445,-41,-172)
(439,-49,-161)
(436,-49,-160)
(440,-53,-168)
(440,-64,-169)
(449,-75,-164)
(440,-80,-161)
(453,-90,-172)
(437,-89,-172)
(446,-99,-167)
(448,-115,-163)
(443,-111,-167)
(445,-118,-172)
(448,-130,-165)
(444,-136,-171)
(450,-133,-168)
(450,-153,-169)
(447,-160,-171)
(443,-158,-171)
(445,-177,-168)
(450,-180,-179)
(444,-186,-169)
(443,-199,-170)
(441,-205,-169)
(444,-208,-167)
(437,-225,-164)
(433,-225,-168)
(431,-232,-162)
(438,-245,-170)
(433,-260,-175)
(439,-258,-169)
(427,-257,-164)
(429,-277,-168)
(419,-279,-165)
(429,-296,-180)
(415,-295,-171)
(417,-286,-171)
(421,-310,-167)
(419,-315,-172)
(413,-320,-175)
(412,-325,-168)
(410,-324,-164)
(401,-344,-174)
(400,-350,-170)
(403,-352,-173)
(405,-355,-164)
(392,-372,-180)
(388,-376,-172)
(390,-387,-165)
(383,-395,-168)
(385,-392,-167)
(371,-401,-168)
(377,-407,-167)
(382,-410,-168)
(363,-412,-170)
(356,-422,-168)
(366,-433,-166)
(348,-431,-168)
(353,-446,-172)
(348,-447,-165)
(350,-453,-162)
(343,-463,-167)
(334,-469,-178)
(328,-463,-175)
(322,-472,-165)
(325,-486,-173)
(313,-488,-169)
(315,-495,-174)
(310,-507,-171)
(309,-493,-168)
(302,-510,-176)
(293,-514,-175)
(291,-509,-171)
(289,-529,-159)
(283,-524,-166)
(272,-525,-162)
(266,-529,-171)
(264,-537,-175)
(275,-535,-165)
(261,-548,-169)
(247,-553,-172)
(244,-553,-167)
(248,-559,-178)
(242,-562,-165)
(234,-561,-172)
(224,-572,-167)
(227,-581,-167)
(215,-579,-161)
(207,-580,-165)
(200,-594,-172)
(199,-585,-166)
(190,-601,-167)
(189,-602,-164)
(187,-612,-173)
(173,-588,-169)
(168,-603,-167)
(164,-602,-181)
(163,-612,-172)
(154,-619,-173)
(149,-606,-177)
(141,-622,-161)
(138,-613,-176)
(141,-615,-181)
(130,-625,-178)
(120,-623,-181)
(116,-623,-172)
(114,-624,-172)
(109,-631,-169)
(102,-626,-173)
(95,-624,-179)
(100,-633,-178)
(86,-633,-172)
(80,-635,-174)
(83,-630,-184)
(74,-634,-174)
(72,-629,-189)
(61,-637,-173)
(57,-635,-186)
(60,-639,-191)
(49,-650,-186)
(58,-639,-183)
(41,-638,-186)
(40,-636,-194)
(48,-639,-185)
(35,-630,-201)
(20,-635,-200)
(25,-635,-190)
(27,-640,-196)
(9,-633,-194)
(17,-649,-197)
(14,-633,-193)
(25,-638,-206)
(18,-642,-200)
(16,-638,-201)
(23,-633,-205)
(17,-645,-209)
(18,-645,-203)
(13,-633,-205)
(22,-639,-215)
(31,-648,-208)
(22,-643,-213)
(32,-633,-208)
(27,-640,-219)
(26,-643,-215)
(31,-634,-215)
(29,-630,-221)
(35,-644,-228)
(29,-646,-223)
(34,-640,-221)
(45,-636,-216)
(45,-635,-215)
(37,-638,-218)
(50,-642,-227)
(59,-627,-218)
(55,-633,-228)
(46,-632,-216)
(64,-641,-224)
(60,-619,-230)
(61,-626,-216)
