(37,-608,-215)
(51,-609,-230)
(31,-614,-217)
(39,-607,-220)
(44,-611,-229)
(39,-613,-223)
(38,-617,-233)
(40,-602,-220)
(36,-607,-215)
(36,-612,-225)
(37,-601,-224)
(47,-608,-228)
(37,-616,-228)
(50,-603,-222)
(36,-605,-206)
(39,-607,-221)
(39,-610,-223)
(41,-605,-226)
(32,-607,-220)
(37,-600,-220)
(50,-609,-227)
(45,-602,-217)
(47,-616,-215)
(26,-603,-218)
(40,-607,-218)
(45,-609,-231)
(46,-608,-225)
(46,-615,-224)
(50,-603,-218)
(60,-604,-219)
(56,-599,-223)
(59,-607,-219)
(56,-612,-231)
(60,-605,-224)
(63,-605,-215)
(76,-609,-217)
(66,-609,-213)
(75,-604,-225)
(68,-605,-222)
(76,-612,-219)
(85,-599,-221)
(97,-595,-217)
(95,-598,-218)
(98,-600,-217)
(101,-599,-220)
(112,-602,-218)
(104,-599,-228)
(118,-597,-225)
(120,-588,-224)
(133,-590,-211)
(130,-593,-221)
(140,-597,-229)
(146,-596,-222)
(148,-591,-227)
(157,-582,-228)
(159,-582,-226)
(175,-573,-223)
(174,-580,-228)
(178,-576,-221)
(195,-570,-219)
(196,-571,-223)
(194,-572,-221)
(208,-563,-217)
(217,-557,-225)
(222,-556,-217)
(226,-551,-224)
(234,-544,-210)
(245,-543,-220)
(250,-538,-227)
(251,-541,-226)
(266,-535,-222)
(275,-522,-215)
(280,-518,-217)
(289,-522,-228)
(289,-511,-228)
(296,-494,-215)
(314,-491,-221)
(313,-495,-219)
(323,-481,-217)
(333,-477,-224)
(346,-469,-220)
(337,-464,-221)
(354,-453,-221)
(347,-453,-229)
(364,-440,-224)
(376,-434,-212)
(380,-434,-226)
(385,-416,-221)
(397,-398,-219)
(403,-400,-228)
(404,-384,-235)
(422,-373,-221)
(415,-369,-231)
(423,-358,-225)
(429,-355,-225)
(428,-337,-220)
(438,-334,-218)
(434,-311,-219)
(443,-308,-230)
(452,-293,-221)
(458,-290,-226)
(469,-277,-224)
(471,-270,-225)
(463,-254,-220)
(479,-244,-232)
(471,-228,-223)
(480,-221,-221)
(473,-197,-224)
(474,-199,-233)
(480,-191,-226)
(495,-187,-226)
(495,-170,-226)
(498,-156,-224)
(497,-144,-216)
(504,-140,-228)
(492,-131,-228)
(496,-105,-234)
(503,-109,-234)
(511,-89,-228)
(504,-89,-231)
(492,-68,-238)
(510,-52,-223)
(505,-49,-233)
(485,-28,-233)
(490,-17,-228)
(500,-15,-235)
(500,3,-219)
(497,9,-237)
(494,17,-241)
(496,35,-239)
(487,38,-244)
(488,50,-255)
(489,67,-241)
(487,69,-244)
(472,75,-243)
(480,89,-244)
(476,97,-251)
(474,106,-250)
(469,119,-246)
(466,140,-247)
(469,133,-250)
(447,148,-243)
(452,162,-248)
(458,166,-248)
(447,172,-247)
(440,188,-254)
(447,194,-254)
(431,205,-256)
(427,211,-255)
(417,216,-249)
(425,225,-255)
(419,233,-252)
(411,240,-251)
(399,241,-243)
(402,250,-248)
(388,257,-250)
(391,268,-248)
(380,268,-247)
(375,280,-249)
(369,283,-249)
(368,284,-245)
(363,293,-239)
(352,298,-241)
(356,296,-251)
(343,311,-249)
(343,311,-244)
(327,317,-231)
(336,315,-231)
(340,325,-236)
(321,318,-228)
(325,320,-237)
(297,327,-223)
(306,333,-235)
(300,337,-228)
(307,340,-223)
(281,344,-220)
(284,340,-205)
(287,339,-223)
(280,344,-216)
(274,344,-207)
(274,347,-205)
(264,343,-201)
(265,349,-198)
(262,344,-198)
(260,351,-196)
(261,352,-192)
(267,346,-188)
(251,352,-197)
(250,349,-198)
(243,350,-183)
(243,344,-178)
(243,358,-197)
(238,332,-179)
(231,354,-186)
(229,348,-184)
(226,337,-187)
(231,352,-176)
(237,345,-180)
(230,342,-181)
(220,333,-177)
(228,340,-182)
(230,335,-181)
(216,330,-188)
(223,337,-184)
(226,340,-179)
(227,324,-177)
(230,330,-180)
(220,331,-183)
(225,339,-169)
(222,326,-180)
(221,327,-172)
(225,323,-177)
(231,328,-186)
(227,321,-173)
(241,321,-184)
(239,330,-182)
(243,319,-181)
(241,319,-174)
(239,316,-179)
(250,315,-185)
(251,311,-187)
(258,310,-183)
(254,306,-179)
(266,305,-191)
(270,312,-184)
(267,304,-178)
(272,308,-197)
(281,293,-189)
(278,291,-191)
(288,303,-185)
(281,286,-197)
(305,282,-190)
(290,284,-195)
(310,285,-194)
(307,272,-192)
(310,264,-196)
(321,265,-192)
(321,258,-198)
(333,266,-209)
(341,254,-204)
(343,264,-201)
(344,241,-207)
(353,241,-203)
(350,239,-205)
(358,239,-207)
(373,237,-207)
(374,225,-198)
(377,211,-209)
(385,206,-207)
(411,188,-216)
(406,183,-216)
(408,176,-217)
(408,172,-222)
(421,165,-217)
(418,155,-209)
(423,141,-222)
(432,150,-217)
(439,137,-219)
(449,115,-226)
(443,103,-224)
(441,112,-229)
(449,99,-232)
(466,75,-226)
(456,74,-246)
(456,68,-227)
(471,59,-246)
(471,50,-235)
(472,50,-239)
(471,39,-244)
(478,24,-253)
(480,7,-240)
(481,15,-248)
(480,9,-244)
(483,-16,-247)
(483,-20,-256)
(478,-28,-251)
(488,-46,-249)
(499,-49,-246)
(494,-67,-268)
(488,-70,-258)
(489,-85,-247)
(496,-97,-258)
(487,-103,-254)
(494,-103,-259)
(495,-123,-259)
(499,-139,-268)
(499,-149,-268)
(490,-166,-264)
(496,-181,-264)
(487,-187,-264)
(487,-192,-255)
(479,-209,-270)
(486,-220,-265)
(482,-226,-264)
(479,-232,-270)
(483,-238,-264)
(474,-258,-276)
(466,-268,-266)
(474,-283,-270)
(468,-282,-267)
(460,-300,-270)
(458,-311,-266)
(457,-332,-261)
(443,-329,-269)
(443,-333,-270)
(446,-343,-263)
(438,-354,-269)
(430,-356,-268)
(418,-366,-264)
(419,-383,-258)
(416,-390,-253)
(408,-406,-259)
(400,-417,-256)
(395,-428,-254)
(401,-432,-262)
(384,-443,-260)
(383,-453,-246)
(370,-449,-247)
(367,-468,-244)
(359,-468,-240)
(349,-474,-243)
(345,-481,-239)
(345,-502,-241)
(328,-496,-233)
(329,-499,-229)
(331,-504,-214)
(318,-511,-223)
(320,-519,-223)
(320,-521,-222)
(314,-517,-215)
(320,-513,-208)
(302,-524,-202)
(304,-521,-207)
(305,-527,-199)
(302,-522,-199)
(300,-538,-205)
(284,-538,-207)
(298,-540,-206)
(289,-544,-201)
(285,-536,-196)
(280,-552,-188)
(275,-552,-184)
(259,-551,-190)
(264,-548,-180)
(270,-552,-185)
(256,-551,-181)
(263,-557,-189)
(253,-567,-179)
(248,-559,-168)
(241,-570,-175)
(243,-566,-158)
(241,-571,-165)
(236,-581,-172)
(228,-584,-176)
(224,-583,-169)
(221,-573,-165)
(216,-589,-163)
(217,-581,-163)
(221,-589,-160)
(204,-589,-160)
(194,-587,-158)
(203,-596,-162)
(196,-596,-152)
(183,-602,-153)
(178,-596,-165)
(173,-603,-150)
(176,-597,-142)
(169,-608,-148)
(160,-599,-152)
(158,-605,-153)
(156,-608,-149)
(141,-614,-148)
(150,-604,-154)
(142,-616,-141)
(149,-624,-149)
(142,-611,-146)
(133,-614,-154)
(124,-617,-148)
(128,-619,-144)
(125,-621,-150)
(118,-609,-148)
(120,-613,-147)
(115,-616,-159)
(112,-619,-155)
(118,-615,-150)
(109,-618,-144)
(99,-618,-152)
(104,-622,-153)
(107,-619,-151)
(100,-619,-151)
(93,-628,-147)
(86,-621,-153)
(89,-616,-146)
(84,-624,-161)
(89,-627,-137)
(87,-620,-153)
(81,-624,-143)
(83,-617,-153)
(86,-620,-152)
(79,-623,-145)
(71,-625,-143)
(72,-621,-148)
(86,-612,-156)
(66,-629,-152)
(61,-630,-149)
(67,-623,-152)
(62,-626,-148)
(69,-626,-145)
(63,-624,-144)
(63,-626,-139)
(56,-622,-142)
(58,-617,-151)
(50,-622,-157)
(55,-618,-154)
(52,-630,-145)
