(33,-620,-220)
(41,-607,-227)
(45,-610,-217)
(41,-614,-223)
(40,-607,-221)
(33,-606,-221)
(41,-609,-214)
(35,-607,-222)
(34,-612,-215)
(33,-606,-214)
(39,-614,-214)
(37,-600,-211)
(35,-616,-216)
(40,-603,-222)
(38,-610,-224)
(42,-613,-221)
(38,-611,-214)
(37,-602,-224)
(27,-613,-215)
(41,-611,-221)
(42,-614,-213)
(36,-613,-227)
(45,-614,-218)
(47,-609,-211)
(40,-610,-221)
(51,-608,-219)
(46,-608,-214)
(37,-608,-216)
(49,-605,-214)
(58,-604,-225)
(52,-611,-221)
(47,-603,-217)
(69,-613,-229)
(70,-612,-224)
(61,-609,-222)
(63,-612,-230)
(71,-601,-220)
(82,-602,-221)
(79,-600,-222)
(75,-613,-216)
(88,-595,-229)
(84,-600,-219)
(95,-598,-230)
(101,-596,-229)
(117,-595,-210)
(108,-594,-219)
(107,-595,-228)
(114,-592,-233)
(119,-598,-219)
(128,-595,-220)
(133,-596,-226)
(135,-596,-214)
(146,-589,-223)
(156,-583,-223)
(150,-592,-221)
(167,-586,-221)
(172,-576,-214)
(174,-585,-220)
(181,-568,-222)
(182,-568,-215)
(194,-570,-225)
(195,-571,-223)
(206,-563,-225)
(216,-556,-216)
(229,-555,-226)
(228,-551,-222)
(235,-548,-217)
(243,-544,-221)
(250,-540,-231)
(265,-534,-231)
(273,-534,-213)
(268,-520,-217)
(282,-516,-220)
(288,-513,-220)
(291,-511,-223)
(303,-508,-226)
(304,-505,-218)
(311,-489,-222)
(322,-490,-219)
(328,-472,-211)
(336,-471,-226)
(347,-465,-230)
(344,-461,-218)
(363,-453,-224)
(363,-441,-223)
(376,-433,-231)
(373,-427,-225)
(382,-404,-225)
(397,-397,-228)
(402,-395,-217)
(408,-388,-222)
(419,-375,-219)
(418,-364,-215)
(426,-350,-222)
(434,-340,-219)
(437,-342,-230)
(448,-322,-225)
(456,-312,-224)
(449,-305,-223)
(450,-304,-223)
(458,-285,-226)
(466,-265,-219)
(473,-269,-215)
(472,-253,-223)
(474,-246,-218)
(478,-226,-227)
(488,-224,-224)
(486,-216,-218)
(482,-194,-216)
(481,-187,-224)
(488,-182,-227)
(485,-167,-234)
(488,-163,-225)
(494,-138,-234)
(490,-128,-225)
(500,-116,-224)
(502,-114,-230)
(508,-91,-235)
(495,-89,-226)
(502,-76,-227)
(504,-68,-233)
(500,-56,-235)
(496,-42,-227)
(504,-28,-224)
(487,-15,-241)
(501,-3,-234)
(497,0,-232)
(505,4,-229)
(492,22,-236)
(495,30,-240)
(482,45,-229)
(493,53,-238)
(477,58,-241)
(481,71,-237)
(478,79,-247)
(477,97,-254)
(467,102,-237)
(472,106,-249)
(470,128,-251)
(466,139,-247)
(463,140,-250)
(463,149,-247)
(449,157,-245)
(445,161,-249)
(444,175,-257)
(445,180,-255)
(436,194,-251)
(437,196,-249)
(422,207,-253)
(431,213,-250)
(419,217,-257)
(415,227,-250)
(417,237,-259)
(404,246,-243)
(404,253,-252)
(394,250,-249)
(388,274,-251)
(383,271,-252)
(378,266,-248)
(371,290,-248)
(361,290,-252)
(352,280,-245)
(355,299,-241)
(345,299,-235)
(345,300,-235)
(337,309,-239)
(324,319,-233)
(331,324,-227)
(330,315,-240)
(323,323,-233)
(316,325,-226)
(313,335,-220)
(312,335,-222)
(299,340,-216)
(291,328,-217)
(301,338,-214)
(289,343,-221)
(296,342,-208)
(274,338,-207)
(280,343,-210)
(272,348,-205)
(273,340,-206)
(272,349,-196)
(256,343,-197)
(254,346,-201)
(254,340,-199)
(262,340,-186)
(247,345,-195)
(242,341,-180)
(252,347,-194)
(244,347,-188)
(235,344,-186)
(249,343,-182)
(241,347,-181)
(230,343,-182)
(231,348,-190)
(234,336,-179)
(221,343,-178)
(216,338,-174)
(219,335,-181)
(219,338,-182)
(225,338,-171)
(220,336,-170)
(223,332,-189)
(221,335,-182)
(214,329,-183)
(227,334,-176)
(217,332,-183)
(229,330,-184)
(221,329,-173)
(223,319,-176)
(232,337,-180)
(233,332,-179)
(225,325,-178)
(235,318,-179)
(232,321,-183)
(232,327,-181)
(238,317,-183)
(243,331,-171)
(254,316,-181)
(250,314,-185)
(257,319,-186)
(252,304,-191)
(262,307,-177)
(265,301,-184)
(260,300,-181)
(268,297,-188)
(264,297,-180)
(284,289,-182)
(288,290,-187)
(282,292,-184)
(292,283,-185)
(297,291,-195)
(305,281,-188)
(308,286,-193)
(315,285,-184)
(319,271,-207)
(329,263,-196)
(336,254,-198)
(340,255,-196)
(340,251,-198)
(355,244,-200)
(346,240,-198)
(357,243,-204)
(367,228,-196)
(364,221,-199)
(367,219,-207)
(384,212,-212)
(389,204,-201)
(396,189,-214)
(395,183,-215)
(407,172,-217)
(416,167,-217)
(414,159,-229)
(420,156,-217)
(423,153,-221)
(430,140,-218)
(441,129,-231)
(432,118,-234)
(449,103,-223)
(439,112,-221)
(450,95,-235)
(460,90,-230)
(467,88,-239)
(463,71,-230)
(459,59,-228)
(469,39,-237)
(473,41,-243)
(469,32,-240)
(481,24,-250)
(477,19,-246)
(478,3,-242)
(480,-4,-246)
(487,-19,-245)
(483,-28,-248)
(488,-38,-244)
(495,-47,-252)
(492,-50,-255)
(491,-59,-253)
(498,-68,-255)
(498,-82,-255)
(487,-90,-249)
(483,-106,-259)
(486,-112,-265)
(494,-127,-268)
(485,-128,-266)
(485,-151,-262)
(489,-158,-272)
(497,-175,-269)
(480,-182,-271)
(478,-196,-264)
(490,-210,-272)
(479,-206,-265)
(477,-230,-278)
(490,-243,-263)
(478,-249,-266)
(475,-260,-272)
(478,-267,-275)
(466,-280,-274)
(468,-281,-271)
(462,-300,-268)
(463,-308,-261)
(448,-316,-266)
(452,-320,-270)
(446,-334,-264)
(439,-340,-270)
(442,-352,-272)
(423,-358,-278)
(428,-378,-257)
(412,-389,-267)
(410,-405,-257)
(404,-402,-257)
(395,-412,-253)
(395,-420,-248)
(386,-432,-253)
(374,-435,-252)
(382,-445,-238)
(364,-460,-244)
(364,-470,-237)
(363,-466,-233)
(352,-477,-236)
(346,-488,-234)
(343,-492,-230)
(332,-496,-239)
(324,-496,-229)
(325,-506,-227)
(328,-499,-225)
(324,-513,-226)
(318,-511,-223)
(322,-520,-219)
(315,-524,-212)
(309,-523,-211)
(309,-519,-220)
(305,-533,-206)
(300,-535,-207)
(298,-527,-195)
(296,-535,-198)
(286,-536,-196)
(287,-541,-190)
(288,-544,-191)
(282,-544,-193)
(278,-551,-182)
(277,-554,-189)
(274,-559,-185)
(273,-554,-191)
(263,-554,-170)
(259,-551,-180)
(258,-572,-179)
(250,-565,-168)
(252,-573,-173)
(243,-576,-173)
(244,-572,-169)
(241,-570,-174)
(227,-580,-174)
(225,-572,-169)
(220,-589,-166)
(217,-593,-166)
(212,-589,-161)
(200,-586,-159)
(206,-581,-164)
(193,-590,-160)
(188,-588,-162)
(194,-593,-163)
(176,-599,-148)
(187,-600,-152)
(176,-606,-152)
(163,-599,-155)
(170,-602,-149)
(159,-614,-155)
(159,-603,-152)
(146,-607,-146)
(150,-610,-149)
(144,-608,-146)
(146,-608,-146)
(138,-605,-148)
(127,-615,-153)
(136,-611,-148)
(131,-624,-151)
(130,-615,-142)
(128,-625,-144)
(116,-610,-151)
(115,-617,-151)
(110,-615,-142)
(104,-617,-159)
(113,-625,-149)
(108,-624,-153)
(94,-623,-154)
(109,-613,-155)
(94,-626,-155)
(98,-621,-152)
(96,-629,-148)
(102,-626,-158)
(96,-616,-148)
(84,-623,-146)
(85,-620,-152)
(77,-627,-152)
(82,-625,-148)
(78,-641,-148)
(74,-629,-153)
(79,-626,-144)
(74,-624,-146)
(80,-619,-154)
(71,-624,-144)
(68,-623,-144)
(71,-627,-152)
(70,-630,-149)
(68,-622,-143)
(61,-627,-158)
(65,-619,-131)
(55,-625,-144)
(65,-623,-145)
(63,-625,-141)
(56,-634,-146)
(60,-623,-138)
(51,-629,-155)
