(41,-599,-222)
(34,-608,-226)
(38,-609,-216)
(37,-615,-219)
(37,-607,-215)
(30,-607,-227)
(35,-608,-228)
(34,-607,-227)
(39,-606,-221)
(36,-605,-225)
(34,-621,-214)
(42,-600,-217)
(40,-607,-221)
(35,-610,-212)
(36,-606,-223)
(35,-612,-226)
(42,-600,-220)
(36,-612,-216)
(36,-606,-224)
(37,-610,-231)
(42,-614,-221)
(40,-614,-217)
(34,-610,-229)
(42,-611,-220)
(41,-613,-224)
(46,-619,-227)
(46,-612,-221)
(42,-598,-227)
(41,-601,-225)
(52,-601,-221)
(54,-605,-225)
(57,-602,-227)
(54,-622,-211)
(48,-602,-215)
(60,-603,-223)
(61,-605,-221)
(72,-608,-217)
(81,-602,-218)
(76,-599,-225)
(73,-592,-220)
(86,-601,-220)
(91,-601,-219)
(97,-605,-211)
(92,-607,-226)
(93,-601,-214)
(114,-587,-227)
(119,-600,-225)
(115,-595,-218)
(128,-597,-218)
(130,-591,-230)
(132,-598,-225)
(136,-603,-217)
(141,-585,-212)
(149,-588,-209)
(155,-582,-220)
(171,-580,-222)
(180,-584,-217)
(184,-572,-210)
(186,-569,-226)
(184,-576,-217)
(195,-577,-224)
(206,-565,-221)
(207,-562,-219)
(210,-561,-217)
(222,-539,-217)
(233,-552,-222)
(242,-559,-224)
(234,-540,-233)
(243,-528,-216)
(258,-537,-223)
(271,-522,-221)
(270,-526,-231)
(276,-511,-221)
(292,-510,-220)
(292,-506,-223)
(293,-506,-210)
(302,-504,-213)
(317,-489,-220)
(318,-498,-223)
(321,-481,-238)
(337,-464,-223)
(336,-465,-222)
(347,-454,-231)
(351,-453,-219)
(363,-445,-220)
(373,-438,-215)
(376,-419,-220)
(382,-403,-225)
(393,-398,-223)
(391,-384,-216)
(398,-386,-222)
(416,-381,-222)
(409,-359,-229)
(423,-357,-217)
(432,-344,-219)
(432,-329,-225)
(438,-324,-216)
(442,-320,-221)
(448,-309,-217)
(452,-296,-224)
(459,-284,-218)
(461,-277,-209)
(468,-263,-229)
(466,-254,-228)
(473,-244,-231)
(480,-232,-217)
(480,-228,-222)
(488,-208,-224)
(493,-201,-229)
(479,-193,-217)
(494,-180,-223)
(496,-168,-227)
(492,-158,-231)
(492,-141,-227)
(503,-119,-234)
(508,-121,-234)
(493,-112,-226)
(489,-95,-229)
(496,-85,-229)
(501,-83,-230)
(508,-57,-236)
(502,-46,-245)
(504,-40,-229)
(502,-27,-229)
(502,-16,-243)
(494,-10,-239)
(510,-6,-236)
(498,4,-240)
(493,17,-236)
(493,36,-240)
(498,40,-240)
(494,40,-244)
(490,55,-248)
(479,73,-244)
(481,86,-253)
(473,101,-244)
(490,113,-252)
(477,108,-245)
(472,120,-246)
(466,133,-243)
(464,140,-249)
(461,147,-244)
(449,162,-242)
(449,161,-251)
(449,178,-257)
(446,182,-250)
(432,198,-260)
(434,202,-255)
(435,204,-252)
(425,218,-257)
(414,218,-247)
(417,229,-256)
(409,240,-254)
(400,231,-242)
(395,250,-255)
(387,257,-247)
(381,268,-241)
(379,274,-247)
(376,275,-249)
(377,287,-253)
(364,297,-246)
(361,287,-244)
(353,309,-243)
(354,306,-238)
(345,311,-236)
(336,313,-250)
(340,324,-235)
(332,317,-241)
(328,316,-232)
(325,332,-235)
(318,319,-226)
(310,336,-228)
(309,335,-219)
(297,341,-219)
(295,335,-223)
(289,335,-214)
(287,348,-214)
(285,328,-208)
(284,345,-203)
(283,345,-209)
(260,330,-200)
(270,342,-195)
(267,345,-192)
(260,352,-203)
(262,343,-201)
(252,342,-194)
(255,350,-183)
(250,351,-197)
(242,349,-190)
(235,344,-190)
(239,349,-194)
(236,340,-187)
(237,341,-179)
(226,343,-185)
(229,345,-188)
(229,337,-188)
(229,347,-184)
(220,339,-183)
(221,339,-186)
(226,343,-188)
(230,338,-182)
(226,332,-179)
(220,330,-177)
(224,339,-179)
(216,326,-178)
(222,340,-176)
(217,339,-182)
(215,341,-183)
(223,336,-178)
(227,332,-184)
(227,320,-174)
(237,335,-178)
(232,322,-175)
(233,325,-180)
(237,327,-191)
(229,317,-176)
(244,317,-181)
(248,319,-178)
(251,321,-173)
(256,321,-177)
(250,313,-183)
(250,321,-183)
(260,310,-184)
(258,310,-182)
(266,305,-179)
(270,299,-187)
(282,297,-193)
(278,299,-191)
(278,303,-179)
(278,295,-198)
(297,281,-186)
(285,277,-193)
(300,283,-187)
(307,280,-188)
(311,275,-190)
(317,273,-195)
(321,263,-195)
(331,260,-200)
(331,262,-200)
(344,263,-199)
(345,246,-202)
(339,254,-211)
(351,245,-198)
(355,239,-200)
(363,230,-197)
(372,218,-203)
(379,222,-208)
(375,221,-203)
(390,203,-210)
(390,184,-207)
(404,179,-208)
(407,178,-223)
(418,167,-220)
(416,171,-212)
(424,154,-216)
(424,159,-219)
(427,142,-220)
(425,134,-219)
(439,126,-221)
(446,115,-225)
(453,104,-232)
(448,87,-231)
(465,81,-237)
(458,82,-230)
(463,81,-235)
(464,56,-238)
(455,53,-240)
(466,40,-236)
(472,32,-233)
(474,20,-245)
(480,29,-238)
(483,12,-246)
(488,-8,-247)
(488,-12,-250)
(483,-27,-245)
(489,-36,-254)
(485,-50,-255)
(480,-58,-249)
(486,-62,-256)
(495,-65,-262)
(480,-81,-260)
(493,-90,-258)
(495,-100,-261)
(493,-113,-264)
(496,-126,-259)
(498,-140,-257)
(492,-161,-268)
(498,-158,-259)
(490,-166,-272)
(486,-183,-274)
(482,-208,-267)
(481,-207,-263)
(479,-217,-267)
(481,-225,-268)
(487,-231,-261)
(467,-249,-277)
(475,-262,-264)
(485,-263,-265)
(469,-282,-269)
(465,-285,-274)
(458,-295,-272)
(455,-309,-268)
(460,-326,-269)
(454,-333,-263)
(446,-332,-267)
(445,-356,-264)
(431,-362,-267)
(435,-362,-260)
(420,-374,-265)
(419,-390,-264)
(414,-402,-265)
(401,-402,-253)
(404,-407,-259)
(405,-421,-260)
(390,-426,-247)
(387,-434,-243)
(381,-451,-250)
(371,-455,-255)
(366,-460,-248)
(352,-463,-242)
(349,-473,-235)
(349,-485,-240)
(346,-499,-233)
(329,-493,-238)
(333,-503,-220)
(325,-508,-227)
(327,-509,-223)
(326,-511,-219)
(317,-515,-211)
(314,-517,-210)
(315,-526,-224)
(319,-526,-216)
(311,-528,-204)
(302,-525,-209)
(293,-521,-216)
(301,-535,-202)
(291,-533,-206)
(290,-534,-199)
(297,-544,-194)
(279,-550,-194)
(281,-539,-184)
(274,-551,-196)
(278,-550,-187)
(269,-547,-187)
(269,-556,-185)
(267,-555,-189)
(258,-571,-180)
(259,-566,-182)
(247,-565,-165)
(244,-564,-169)
(241,-576,-173)
(243,-579,-169)
(236,-569,-172)
(234,-574,-164)
(231,-576,-166)
(218,-577,-161)
(214,-573,-162)
(216,-581,-154)
(215,-591,-167)
(201,-590,-154)
(199,-593,-160)
(193,-594,-158)
(182,-596,-161)
(179,-591,-156)
(178,-600,-154)
(182,-600,-161)
(166,-606,-163)
(164,-617,-140)
(158,-605,-151)
(165,-599,-152)
(157,-605,-147)
(155,-604,-144)
(151,-600,-143)
(149,-613,-152)
(142,-610,-147)
(138,-605,-149)
(132,-609,-146)
(131,-615,-148)
(123,-615,-151)
(120,-621,-144)
(126,-611,-150)
(118,-620,-149)
(119,-618,-144)
(110,-618,-153)
(106,-621,-146)
(99,-629,-154)
(111,-615,-155)
(105,-618,-150)
(108,-623,-149)
(101,-616,-155)
(93,-620,-143)
(104,-618,-142)
(92,-621,-156)
(96,-612,-145)
(95,-617,-153)
(95,-624,-150)
(78,-625,-152)
(87,-620,-141)
(83,-627,-161)
(75,-625,-152)
(70,-618,-135)
(68,-616,-144)
(73,-623,-143)
(75,-621,-142)
(75,-626,-145)
(72,-623,-151)
(72,-629,-149)
(68,-622,-145)
(59,-633,-149)
(62,-618,-157)
(67,-628,-147)
(56,-627,-142)
(60,-629,-154)
(49,-629,-149)
(43,-616,-155)
