(32,-600,-228)
(30,-615,-222)
(27,-609,-223)
(38,-622,-212)
(32,-605,-218)
(44,-610,-216)
(39,-615,-214)
(40,-612,-220)
(42,-620,-221)
(38,-612,-221)
(36,-601,-203)
(40,-605,-225)
(37,-608,-226)
(34,-604,-217)
(35,-601,-222)
(48,-609,-218)
(38,-602,-219)
(38,-611,-213)
(36,-614,-225)
(35,-618,-217)
(30,-617,-222)
(44,-605,-225)
(44,-611,-221)
(44,-606,-210)
(48,-610,-220)
(39,-613,-221)
(44,-611,-222)
(41,-613,-226)
(44,-603,-215)
(51,-616,-225)
(50,-610,-228)
(58,-601,-219)
(51,-618,-222)
(60,-622,-218)
(58,-606,-226)
(64,-598,-225)
(72,-611,-223)
(75,-615,-213)
(79,-603,-214)
(79,-602,-217)
(73,-599,-218)
(93,-604,-218)
(100,-595,-221)
(103,-598,-221)
(102,-601,-221)
(112,-600,-220)
(104,-596,-217)
(115,-591,-223)
(122,-595,-226)
(128,-598,-228)
(126,-587,-211)
(139,-581,-220)
(146,-588,-229)
(141,-590,-223)
(159,-583,-223)
(157,-583,-219)
(158,-585,-230)
(175,-584,-210)
(173,-577,-217)
(199,-573,-227)
(186,-570,-225)
(207,-569,-224)
(204,-566,-228)
(219,-566,-224)
(221,-559,-222)
(229,-550,-219)
(234,-541,-217)
(254,-543,-218)
(256,-545,-221)
(256,-540,-223)
(271,-527,-220)
(266,-528,-218)
(277,-519,-227)
(293,-519,-223)
(297,-505,-206)
(302,-501,-226)
(309,-504,-214)
(316,-478,-220)
(324,-478,-220)
(334,-486,-224)
(345,-467,-222)
(337,-458,-210)
(352,-449,-209)
(362,-451,-217)
(361,-441,-223)
(365,-434,-220)
(378,-435,-221)
(386,-415,-213)
(400,-405,-219)
(400,-391,-222)
(417,-377,-229)
(407,-379,-225)
(414,-358,-218)
(431,-349,-217)
(439,-355,-226)
(433,-340,-225)
(441,-329,-229)
(446,-317,-231)
(452,-308,-213)
(460,-298,-226)
(461,-286,-219)
(456,-276,-225)
(464,-269,-216)
(471,-260,-230)
(472,-248,-215)
(474,-236,-224)
(486,-226,-233)
(477,-211,-220)
(482,-199,-233)
(494,-191,-221)
(497,-176,-223)
(489,-162,-222)
(503,-161,-227)
(493,-139,-223)
(494,-139,-220)
(503,-118,-230)
(491,-111,-227)
(488,-91,-228)
(499,-98,-232)
(504,-84,-224)
(494,-67,-230)
(509,-58,-226)
(501,-41,-231)
(502,-33,-230)
(502,-22,-241)
(498,-4,-227)
(505,0,-239)
(498,7,-250)
(496,23,-228)
(504,31,-234)
(482,40,-247)
(490,50,-235)
(490,61,-244)
(485,66,-239)
(479,92,-240)
(490,98,-234)
(483,103,-247)
(473,115,-242)
(469,121,-241)
(465,128,-246)
(461,144,-246)
(454,151,-249)
(459,160,-245)
(452,168,-248)
(448,170,-244)
(446,171,-246)
(452,194,-244)
(432,199,-250)
(427,215,-258)
(430,215,-255)
(424,223,-255)
(413,236,-241)
(409,237,-251)
(408,241,-252)
(396,251,-246)
(395,264,-248)
(389,258,-244)
(375,273,-247)
(372,275,-252)
(366,290,-238)
(366,298,-247)
(355,284,-246)
(349,305,-243)
(348,304,-236)
(347,316,-230)
(349,316,-249)
(330,305,-238)
(336,325,-234)
(324,319,-221)
(321,326,-236)
(309,334,-228)
(312,329,-220)
(308,335,-213)
(299,336,-224)
(304,339,-219)
(292,344,-214)
(286,334,-216)
(280,341,-211)
(283,342,-208)
(278,330,-212)
(273,339,-206)
(264,343,-208)
(262,344,-209)
(263,345,-199)
(259,351,-194)
(254,343,-191)
(256,336,-194)
(245,350,-190)
(257,357,-189)
(236,341,-186)
(253,341,-195)
(238,351,-189)
(238,343,-188)
(241,344,-189)
(229,338,-186)
(229,338,-175)
(235,333,-180)
(228,351,-188)
(225,340,-189)
(227,339,-181)
(220,335,-176)
(226,330,-176)
(219,336,-176)
(233,338,-175)
(222,338,-183)
(220,333,-175)
(227,337,-183)
(231,325,-177)
(226,332,-183)
(224,315,-179)
(227,325,-179)
(237,342,-176)
(221,323,-183)
(226,318,-171)
(233,320,-174)
(233,324,-179)
(233,326,-171)
(248,324,-181)
(243,320,-179)
(255,322,-187)
(247,324,-180)
(252,317,-178)
(263,323,-182)
(265,317,-166)
(270,309,-175)
(265,294,-184)
(275,300,-184)
(282,297,-190)
(282,291,-188)
(292,297,-193)
(289,295,-188)
(295,279,-179)
(305,283,-179)
(303,283,-187)
(302,276,-191)
(314,270,-191)
(311,276,-193)
(327,260,-190)
(340,256,-181)
(330,241,-192)
(341,242,-207)
(350,240,-207)
(354,239,-205)
(357,246,-207)
(367,231,-203)
(369,228,-204)
(380,227,-204)
(385,218,-196)
(385,198,-210)
(396,199,-209)
(406,190,-220)
(414,180,-211)
(414,171,-218)
(406,161,-216)
(416,166,-212)
(426,149,-213)
(427,139,-231)
(431,132,-218)
(437,115,-235)
(442,108,-218)
(458,107,-223)
(443,96,-223)
(451,88,-234)
(452,86,-231)
(465,70,-229)
(462,73,-236)
(471,50,-233)
(473,33,-238)
(468,27,-233)
(482,24,-236)
(478,17,-238)
(479,-3,-249)
(491,0,-241)
(494,-8,-244)
(487,-21,-256)
(490,-30,-250)
(493,-41,-248)
(487,-55,-244)
(499,-59,-255)
(493,-74,-254)
(489,-88,-258)
(496,-96,-265)
(492,-98,-264)
(496,-114,-253)
(495,-121,-269)
(488,-143,-259)
(489,-149,-262)
(487,-171,-267)
(488,-179,-263)
(493,-173,-259)
(483,-198,-262)
(488,-213,-266)
(481,-212,-262)
(486,-225,-268)
(480,-227,-263)
(474,-241,-261)
(476,-258,-274)
(474,-262,-268)
(468,-274,-264)
(467,-285,-269)
(460,-291,-269)
(462,-299,-267)
(446,-317,-274)
(458,-321,-272)
(441,-337,-263)
(440,-340,-274)
(436,-351,-263)
(433,-373,-266)
(415,-379,-271)
(420,-384,-260)
(421,-396,-263)
(398,-405,-257)
(398,-412,-259)
(401,-422,-254)
(398,-420,-242)
(383,-432,-251)
(375,-448,-250)
(373,-459,-248)
(358,-461,-250)
(362,-476,-239)
(354,-476,-242)
(347,-495,-232)
(337,-492,-238)
(347,-489,-227)
(331,-506,-230)
(331,-498,-230)
(325,-514,-224)
(320,-510,-224)
(319,-522,-218)
(310,-520,-217)
(311,-517,-215)
(304,-522,-203)
(298,-528,-208)
(305,-532,-202)
(307,-532,-206)
(305,-528,-201)
(293,-534,-203)
(295,-546,-197)
(285,-529,-195)
(286,-544,-199)
(292,-560,-185)
(281,-545,-197)
(277,-556,-188)
(269,-552,-191)
(264,-548,-191)
(261,-565,-182)
(256,-563,-181)
(255,-565,-184)
(255,-561,-175)
(246,-569,-176)
(236,-583,-170)
(238,-573,-162)
(235,-576,-164)
(227,-592,-166)
(218,-581,-161)
(219,-583,-171)
(217,-589,-168)
(206,-589,-163)
(209,-581,-172)
(206,-585,-153)
(197,-591,-159)
(193,-602,-151)
(186,-589,-165)
(186,-601,-156)
(175,-600,-155)
(177,-605,-157)
(159,-603,-147)
(154,-594,-150)
(153,-608,-141)
(157,-601,-140)
(159,-613,-155)
(157,-611,-143)
(147,-609,-145)
(143,-603,-148)
(137,-610,-143)
(132,-614,-153)
(136,-614,-146)
(138,-609,-140)
(127,-611,-147)
(116,-620,-149)
(121,-622,-151)
(112,-623,-155)
(118,-616,-149)
(116,-613,-156)
(114,-623,-160)
(114,-623,-151)
(107,-621,-149)
(108,-618,-144)
(94,-623,-156)
(98,-614,-155)
(104,-633,-153)
(97,-613,-147)
(90,-603,-152)
(88,-624,-150)
(89,-628,-149)
(85,-623,-144)
(86,-617,-149)
(85,-620,-145)
(79,-625,-151)
(81,-620,-151)
(72,-621,-152)
(72,-622,-154)
(78,-632,-166)
(64,-619,-149)
(74,-619,-152)
(73,-625,-158)
(75,-630,-150)
(60,-626,-150)
(60,-622,-154)
(61,-641,-153)
(59,-624,-153)
(54,-623,-153)
(58,-622,-148)
(51,-629,-152)
(59,-624,-145)
