(39,-610,-222)
(27,-610,-218)
(38,-614,-216)
(36,-607,-214)
(32,-615,-213)
(37,-611,-225)
(32,-615,-224)
(40,-612,-217)
(40,-610,-228)
(34,-610,-222)
(39,-615,-224)
(38,-603,-217)
(36,-617,-218)
(27,-613,-225)
(36,-620,-214)
(34,-611,-221)
(39,-609,-222)
(43,-614,-230)
(38,-611,-218)
(48,-609,-216)
(46,-612,-226)
(41,-620,-230)
(51,-604,-220)
(41,-609,-220)
(36,-603,-225)
(44,-606,-217)
(46,-603,-223)
(49,-616,-228)
(45,-606,-222)
(51,-603,-215)
(63,-602,-217)
(58,-615,-220)
(59,-616,-228)
(62,-607,-218)
(63,-614,-221)
(75,-610,-216)
(69,-604,-221)
(71,-604,-225)
(81,-607,-224)
(70,-596,-220)
(90,-614,-232)
(89,-603,-211)
(102,-585,-210)
(97,-603,-216)
(111,-602,-221)
(107,-589,-218)
(116,-605,-219)
(120,-594,-222)
(125,-598,-223)
(137,-596,-224)
(132,-591,-230)
(140,-587,-219)
(140,-587,-222)
(150,-582,-211)
(151,-590,-226)
(154,-584,-222)
(170,-589,-225)
(173,-576,-232)
(189,-573,-228)
(196,-572,-225)
(195,-573,-218)
(203,-572,-224)
(208,-561,-231)
(213,-555,-220)
(222,-556,-220)
(232,-545,-226)
(237,-543,-216)
(253,-546,-220)
(249,-537,-223)
(268,-531,-219)
(260,-533,-217)
(273,-529,-222)
(283,-518,-224)
(289,-512,-218)
(297,-503,-229)
(302,-507,-228)
(304,-490,-219)
(322,-490,-222)
(319,-484,-222)
(325,-480,-212)
(338,-473,-217)
(343,-468,-219)
(343,-459,-219)
(358,-448,-225)
(361,-437,-220)
(373,-441,-221)
(380,-431,-226)
(395,-410,-231)
(387,-394,-223)
(397,-391,-217)
(405,-374,-229)
(422,-376,-223)
(413,-363,-218)
(419,-360,-225)
(428,-338,-217)
(432,-340,-224)
(432,-327,-227)
(446,-320,-210)
(452,-313,-219)
(446,-290,-225)
(461,-296,-226)
(463,-276,-220)
(456,-268,-231)
(459,-255,-220)
(473,-243,-224)
(480,-232,-220)
(484,-218,-222)
(483,-205,-229)
(488,-207,-232)
(487,-191,-218)
(496,-180,-223)
(481,-168,-226)
(493,-159,-227)
(491,-135,-226)
(504,-143,-227)
(489,-118,-220)
(495,-115,-228)
(496,-100,-236)
(502,-83,-240)
(493,-70,-239)
(506,-62,-235)
(513,-56,-236)
(496,-42,-233)
(485,-26,-238)
(495,-21,-239)
(508,-6,-242)
(499,1,-231)
(497,11,-229)
(495,20,-238)
(499,33,-235)
(500,38,-238)
(487,62,-244)
(485,65,-248)
(475,74,-244)
(486,89,-251)
(473,92,-243)
(478,104,-246)
(475,113,-255)
(467,138,-250)
(472,134,-253)
(469,135,-261)
(458,146,-248)
(459,158,-240)
(465,158,-253)
(454,168,-253)
(442,182,-252)
(441,193,-244)
(432,206,-248)
(432,212,-242)
(417,211,-250)
(417,218,-250)
(410,237,-250)
(417,238,-255)
(402,247,-248)
(396,251,-254)
(395,258,-252)
(383,257,-250)
(387,277,-247)
(373,279,-247)
(373,282,-247)
(356,286,-242)
(368,288,-243)
(356,290,-239)
(350,295,-232)
(344,308,-241)
(347,309,-238)
(331,308,-231)
(332,324,-239)
(321,330,-238)
(326,334,-241)
(312,333,-229)
(307,319,-218)
(308,329,-223)
(296,339,-218)
(286,333,-209)
(283,346,-210)
(290,333,-212)
(285,344,-212)
(276,349,-208)
(275,337,-207)
(279,339,-202)
(267,336,-203)
(273,348,-208)
(263,350,-197)
(259,342,-197)
(264,350,-199)
(262,337,-198)
(243,342,-204)
(250,344,-189)
(247,343,-192)
(242,342,-187)
(238,350,-197)
(234,339,-179)
(234,340,-192)
(224,342,-184)
(226,343,-176)
(228,348,-175)
(225,341,-194)
(224,335,-195)
(218,336,-184)
(225,339,-177)
(222,341,-184)
(223,325,-183)
(216,332,-185)
(226,333,-179)
(226,328,-178)
(227,342,-184)
(227,328,-166)
(235,333,-183)
(218,339,-182)
(222,335,-178)
(221,325,-172)
(230,330,-178)
(231,330,-173)
(230,317,-179)
(232,321,-185)
(239,320,-171)
(254,322,-174)
(246,321,-177)
(249,319,-180)
(249,323,-177)
(261,311,-178)
(256,316,-184)
(253,310,-179)
(260,303,-184)
(272,306,-189)
(270,309,-172)
(273,300,-179)
(283,306,-180)
(282,288,-188)
(290,287,-188)
(303,286,-202)
(305,281,-196)
(311,286,-195)
(313,279,-185)
(309,263,-192)
(319,272,-200)
(330,260,-188)
(330,262,-195)
(340,253,-193)
(344,248,-200)
(340,244,-203)
(346,245,-201)
(359,233,-206)
(366,226,-197)
(369,220,-206)
(374,216,-199)
(379,211,-202)
(392,205,-205)
(400,191,-214)
(397,182,-212)
(404,178,-220)
(407,166,-220)
(417,161,-218)
(423,151,-221)
(431,150,-220)
(429,142,-222)
(438,132,-233)
(437,122,-227)
(445,113,-231)
(447,107,-225)
(460,106,-230)
(463,87,-226)
(458,75,-239)
(452,74,-235)
(464,59,-231)
(473,46,-237)
(468,44,-234)
(478,37,-240)
(477,25,-244)
(486,13,-236)
(483,7,-252)
(482,-1,-244)
(486,-12,-247)
(490,-24,-258)
(484,-36,-251)
(480,-38,-259)
(495,-54,-254)
(493,-62,-258)
(487,-84,-268)
(494,-82,-249)
(502,-98,-253)
(487,-110,-252)
(501,-115,-258)
(485,-126,-264)
(482,-132,-262)
(489,-165,-261)
(486,-163,-268)
(497,-173,-265)
(489,-179,-266)
(486,-198,-267)
(480,-209,-266)
(483,-223,-264)
(486,-227,-265)
(484,-227,-270)
(480,-254,-263)
(468,-259,-265)
(461,-267,-264)
(464,-275,-272)
(469,-289,-254)
(459,-295,-269)
(461,-305,-268)
(456,-319,-268)
(453,-332,-271)
(449,-340,-259)
(439,-349,-268)
(444,-353,-265)
(429,-361,-264)
(426,-376,-266)
(424,-385,-262)
(413,-394,-261)
(401,-399,-263)
(402,-410,-254)
(389,-434,-256)
(394,-430,-254)
(388,-446,-255)
(372,-439,-249)
(377,-455,-247)
(371,-454,-245)
(354,-463,-253)
(346,-480,-248)
(347,-490,-233)
(342,-493,-233)
(337,-494,-226)
(339,-510,-225)
(329,-511,-233)
(320,-509,-229)
(323,-509,-227)
(322,-508,-214)
(312,-513,-220)
(309,-525,-212)
(319,-526,-211)
(310,-523,-207)
(313,-532,-206)
(301,-529,-211)
(299,-530,-200)
(300,-540,-196)
(296,-538,-195)
(289,-540,-200)
(281,-544,-191)
(281,-547,-201)
(267,-539,-174)
(280,-557,-196)
(268,-555,-185)
(264,-556,-185)
(259,-560,-185)
(257,-552,-174)
(245,-563,-182)
(246,-565,-179)
(243,-563,-170)
(238,-576,-173)
(238,-570,-168)
(237,-585,-177)
(225,-579,-169)
(224,-573,-171)
(215,-588,-160)
(214,-583,-161)
(216,-594,-156)
(210,-578,-163)
(192,-580,-162)
(192,-582,-159)
(196,-593,-166)
(192,-599,-156)
(178,-581,-149)
(183,-597,-149)
(175,-596,-150)
(170,-601,-149)
(165,-594,-145)
(165,-600,-141)
(160,-607,-149)
(154,-605,-146)
(151,-612,-152)
(140,-602,-148)
(132,-611,-152)
(144,-614,-153)
(131,-602,-145)
(128,-618,-145)
(135,-613,-149)
(128,-615,-144)
(128,-627,-161)
(120,-614,-148)
(118,-610,-148)
(114,-619,-149)
(104,-613,-145)
(109,-613,-155)
(110,-623,-157)
(114,-620,-150)
(107,-607,-144)
(104,-617,-151)
(98,-617,-147)
(104,-615,-149)
(101,-620,-148)
(91,-626,-149)
(91,-617,-140)
(87,-627,-150)
(91,-622,-148)
(85,-623,-147)
(79,-621,-146)
(69,-631,-145)
(71,-624,-147)
(72,-638,-153)
(70,-632,-148)
(68,-623,-151)
(75,-616,-149)
(78,-618,-151)
(63,-618,-146)
(68,-627,-143)
(59,-620,-150)
(65,-630,-157)
(62,-630,-146)
(48,-634,-153)
(60,-618,-150)
(53,-631,-158)
(58,-629,-148)
(58,-627,-147)
