(474,193,-263)
(477,197,-262)
(471,191,-267)
(470,194,-258)
(468,199,-258)
(472,194,-266)
(482,200,-267)
(476,195,-267)
(477,196,-258)
(476,197,-267)
(478,191,-255)
(474,200,-267)
(477,197,-259)
(465,196,-259)
(469,199,-259)
(468,196,-267)
(472,199,-264)
(479,192,-258)
(469,208,-265)
(462,197,-264)
(477,205,-251)
(475,194,-255)
(474,192,-251)
(479,207,-263)
(472,200,-258)
(478,194,-257)
(477,198,-251)
(466,193,-262)
(475,195,-255)
(476,197,-263)
(468,196,-259)
(475,185,-254)
(480,199,-256)
(466,188,-247)
(479,203,-260)
(476,190,-257)
(481,197,-255)
(479,187,-249)
(483,198,-249)
(478,190,-254)
(482,187,-237)
(479,204,-238)
(474,187,-244)
(498,185,-244)
(483,181,-236)
(483,183,-234)
(488,186,-235)
(475,183,-238)
(486,190,-227)
(492,171,-222)
(488,176,-224)
(495,178,-217)
(493,177,-215)
(497,185,-206)
(489,172,-201)
(493,184,-206)
(502,182,-206)
(498,187,-185)
(505,171,-188)
(506,171,-187)
(499,163,-179)
(509,170,-179)
(503,159,-185)
(502,163,-175)
(505,160,-161)
(505,152,-160)
(512,148,-148)
(508,155,-155)
(512,154,-146)
(521,134,-134)
(515,148,-141)
(516,142,-126)
(522,143,-133)
(509,143,-123)
(516,134,-124)
(530,121,-125)
(527,128,-107)
(525,121,-116)
(524,117,-111)
(526,107,-88)
(522,112,-89)
(528,106,-90)
(540,104,-86)
(530,99,-83)
(529,84,-74)
(533,84,-65)
(534,84,-49)
(528,73,-46)
(536,79,-54)
(540,67,-40)
(529,61,-25)
(531,67,-36)
(530,57,-18)
(542,59,-18)
(540,49,-22)
(533,42,2)
(535,33,0)
(539,21,3)
(528,27,10)
(537,23,13)
(540,25,29)
(539,19,20)
(531,12,23)
(530,1,31)
(523,7,46)
(537,-10,50)
(529,-15,52)
(531,-12,56)
(524,-12,74)
(525,-15,66)
(530,-25,75)
(528,-26,83)
(530,-25,86)
(530,-43,95)
(535,-45,100)
(529,-40,105)
(531,-50,114)
(522,-48,115)
(528,-59,121)
(525,-57,130)
(516,-61,131)
(518,-66,138)
(524,-70,137)
(510,-77,148)
(514,-78,148)
(510,-81,150)
(511,-85,147)
(504,-93,167)
(501,-102,174)
(503,-111,179)
(503,-121,182)
(503,-112,182)
(508,-118,172)
(497,-119,195)
(491,-120,188)
(501,-129,195)
(496,-128,195)
(491,-138,208)
(492,-132,213)
(489,-151,211)
(484,-141,215)
(481,-146,218)
(475,-160,220)
(479,-160,232)
(478,-161,239)
(476,-161,230)
(469,-165,239)
(464,-162,247)
(464,-167,249)
(474,-175,257)
(474,-183,263)
(456,-178,273)
(462,-170,264)
(455,-192,267)
(458,-188,283)
(447,-189,282)
(444,-182,275)
(447,-189,276)
(445,-192,293)
(452,-192,285)
(445,-191,291)
(442,-206,296)
(441,-197,298)
(441,-196,299)
(434,-209,295)
(433,-213,309)
(428,-207,305)
(430,-209,311)
(419,-208,308)
(423,-225,319)
(419,-217,316)
(418,-217,315)
(421,-214,322)
(423,-215,329)
(415,-222,329)
(408,-222,326)
(400,-224,330)
(410,-225,335)
(417,-223,333)
(402,-231,338)
(406,-235,334)
(403,-227,339)
(404,-237,351)
(400,-243,346)
(407,-235,349)
(395,-247,338)
(393,-238,346)
(409,-242,338)
(402,-235,337)
(402,-243,345)
(396,-241,339)
(391,-240,335)
(395,-245,340)
(394,-244,357)
(397,-249,349)
(396,-251,340)
(388,-245,347)
(390,-251,343)
(383,-251,343)
(388,-248,336)
(394,-243,347)
(384,-250,340)
(397,-253,338)
(395,-243,348)
(390,-247,343)
(390,-243,345)
(396,-251,347)
(395,-244,339)
(380,-265,342)
(388,-248,351)
(387,-249,349)
(393,-244,345)
(396,-247,341)
(395,-242,351)
(393,-248,341)
(399,-243,347)
(400,-245,352)
(397,-253,333)
(391,-247,347)
(391,-249,349)
(395,-250,351)
(393,-241,336)
(399,-246,351)
(394,-244,335)
(400,-250,342)
(397,-244,347)
(387,-237,341)
(402,-238,338)
(395,-243,346)
(396,-235,339)
(398,-236,346)
(396,-244,343)
(401,-242,328)
(394,-236,348)
(394,-242,345)
(395,-244,347)
(401,-222,351)
(388,-238,346)
(396,-243,349)
(401,-225,343)
(406,-236,339)
(399,-233,332)
(401,-227,339)
(388,-222,337)
(407,-224,346)
(400,-230,347)
(404,-228,345)
(405,-218,339)
(402,-216,337)
(410,-209,343)
(404,-212,338)
(403,-206,335)
(414,-206,336)
(413,-211,332)
(408,-206,339)
(412,-202,335)
(412,-189,331)
(419,-201,335)
(413,-190,344)
(413,-188,331)
(415,-188,337)
(416,-185,336)
(432,-191,335)
(423,-182,334)
(427,-186,325)
(424,-182,324)
(429,-183,320)
(431,-178,316)
(431,-177,320)
(423,-163,312)
(430,-163,316)
(437,-165,311)
(443,-168,310)
(435,-162,301)
(446,-147,301)
(458,-147,299)
(448,-166,290)
(457,-145,301)
(451,-145,279)
(449,-144,267)
(459,-148,280)
(454,-137,272)
(457,-140,267)
(466,-132,257)
(465,-128,268)
(471,-122,257)
(468,-126,248)
(477,-118,250)
(475,-109,247)
(480,-113,242)
(473,-96,238)
(489,-108,228)
(486,-86,225)
(486,-87,222)
(490,-79,214)
(482,-77,208)
(489,-71,210)
(502,-74,198)
(494,-65,199)
(490,-61,196)
(495,-47,189)
(490,-50,191)
(498,-40,182)
(498,-38,180)
(492,-31,170)
(498,-31,163)
(503,-31,162)
(502,-22,155)
(513,-23,163)
(502,-7,150)
(506,-7,151)
(501,-2,147)
(503,-8,142)
(503,13,134)
(506,8,130)
(501,28,132)
(497,30,129)
(505,26,120)
(499,32,114)
(496,41,108)
(501,45,108)
(502,44,109)
(504,52,96)
(506,54,93)
(505,60,97)
(495,68,89)
(496,68,74)
(498,70,72)
(501,76,71)
(500,78,64)
(492,86,67)
(498,89,65)
(492,98,62)
(488,94,61)
(487,106,51)
(493,119,50)
(497,123,44)
(487,121,42)
(497,124,31)
(491,134,24)
(479,137,26)
(476,145,23)
(479,161,14)
(486,155,14)
(478,155,16)
(472,169,14)
(486,154,13)
(482,173,0)
(478,166,-3)
(475,177,-9)
(480,174,-16)
(469,184,-10)
(473,185,-18)
(463,192,-16)
(472,197,-27)
(462,191,-27)
(467,200,-28)
(458,200,-35)
(461,213,-34)
(461,210,-44)
(452,203,-51)
(459,216,-58)
(458,225,-52)
(458,221,-64)
(460,232,-55)
(453,227,-64)
(444,232,-69)
(453,234,-66)
(454,235,-76)
(442,246,-72)
(444,230,-79)
(446,241,-82)
(433,251,-82)
(442,252,-89)
(434,248,-87)
(434,256,-89)
(430,265,-106)
(424,268,-104)
(435,273,-116)
(428,267,-113)
(428,268,-125)
(420,269,-122)
(428,271,-122)
(423,272,-135)
(423,273,-137)
(424,271,-136)
(419,285,-139)
(416,278,-146)
(412,285,-143)
(414,296,-146)
(413,294,-142)
(405,293,-148)
(400,293,-154)
(406,297,-142)
(402,295,-159)
(406,297,-151)
(403,292,-163)
(404,306,-162)
(400,297,-167)
(397,298,-162)
(388,305,-163)
(392,307,-170)
(397,307,-167)
(387,308,-166)
(392,309,-169)
(401,311,-169)
(397,312,-172)
(393,303,-167)
(390,307,-168)
(391,305,-173)
(392,304,-174)
(396,301,-165)
(394,306,-170)
(396,308,-164)
(393,305,-169)
(393,308,-166)
(393,299,-168)
(385,319,-170)
(393,303,-169)
(392,316,-166)
(394,306,-166)
(401,303,-173)
(406,308,-172)
(398,308,-162)
(400,307,-177)
(401,306,-173)
(390,300,-169)
(395,308,-174)
(394,308,-169)
(397,308,-164)
(393,311,-167)
(394,295,-172)
(402,312,-166)
(397,309,-165)
(392,311,-158)
(388,308,-152)
(407,306,-162)
(397,307,-171)
(389,305,-170)
(402,301,-169)
(401,312,-165)
(391,308,-168)
