(364.8735238664852,-409.87261868002923,-79.30282478285828)
(366.4807416744284,-408.89511284840154,-76.96585784692107)
(366.28879351106553,-408.3465834511977,-78.50106505300046)
(365.34907362842205,-410.14605337341357,-75.70675779448685)
(366.7809628356735,-411.12694829180464,-76.43735952969548)
(365.98307514014897,-413.2101083797737,-75.85529522997038)
(364.9752825994376,-411.1173426645213,-77.4113813392292)
(366.5969899107228,-410.3156853933731,-77.717866124676)
(366.20724766747793,-412.8040423145707,-79.30372932453578)
(368.00550949622857,-412.4639127522567,-78.08051745454665)
(365.1932134086345,-412.14092590730894,-78.25250690098026)
(366.83631795607744,-413.09920429318163,-79.97467408298209)
(366.1556953868674,-410.9140047745935,-79.27849238799708)
(365.4204534222416,-411.1262800632016,-81.09807977413692)
(365.1100088626351,-410.74337754667823,-83.21325778487451)
(366.27724390457126,-412.67234396211927,-84.39296725881397)
(367.3714570408214,-411.93645880419183,-82.33596732921316)
(367.6810028619308,-412.2934581215542,-83.55389634273286)
(367.4038205113273,-413.22034919566795,-83.10689404507445)
(365.02891720551014,-411.089921736128,-84.44232455474676)
(367.309961603589,-412.8743152977196,-84.58800983581835)
(366.70188467826256,-411.67748729880105,-85.93442621644776)
(365.7771935381632,-413.24692144058815,-83.68951667762275)
(366.52445965601186,-411.9870943247243,-82.489316760384)
(367.5589442731544,-410.66723313839753,-84.78386207778364)
(366.80053771527525,-412.77192255032764,-85.77840260966019)
(367.1252585910794,-411.8621835373579,-86.73300639400017)
(365.9933475566496,-413.9831181183936,-85.67878651192055)
(367.61671964120507,-412.8079168933041,-84.667067509037)
(366.8676120326136,-410.9218093045986,-83.98769890429594)
(368.37332302432327,-410.4297681259708,-84.30145180892207)
(368.49625736292217,-411.95677677847,-83.9558773307856)
(371.33511576303033,-408.0836613562657,-84.81944837042228)
(370.1030562784659,-408.36872890724555,-82.47534949575378)
(370.30938699679575,-407.5962990488504,-82.63571736946896)
(370.2690857994639,-406.0733576399752,-82.45104880969191)
(371.55193769216226,-405.8140656379779,-82.0720822306005)
(371.3944889267368,-404.76121529956936,-81.37103070942203)
(373.468053591489,-404.81360238982114,-80.49891245674695)
(373.5488749898816,-400.64268878184197,-79.04882585556825)
(373.50486298828264,-400.90534436700807,-79.49532917340935)
(376.0788431266538,-398.7066580009785,-76.97678610887952)
(376.1378377205481,-397.42574111919583,-79.08135103926512)
(376.24454761665106,-394.45230798975047,-78.55385048123489)
(377.5488376818681,-393.11111051715835,-74.61168418805238)
(379.1285752123307,-389.29386648618726,-76.8088816273676)
(381.3672035194596,-389.9459920708688,-75.68209940339871)
(381.7493724722499,-387.2150741520496,-75.25130005749833)
(382.9001967724405,-385.1292703769788,-72.7391373731685)
(383.34139765892735,-382.12574949762455,-72.46913675581546)
(385.52523030763535,-380.56382324169954,-73.42468015315376)
(386.7472030422372,-377.3659149745889,-72.838793427111)
(386.8212502278645,-373.2100695087415,-72.55761278917694)
(391.4084133265259,-371.94094769661757,-71.21967274124864)
(392.3663960358325,-367.43168615938123,-70.43114257377222)
(390.7529734803192,-365.3636477781949,-69.5495674089481)
(393.6763637166127,-360.96666818631223,-71.04715354139022)
(394.67753372266395,-358.4968470900891,-71.5369906378665)
(395.76971634832944,-353.9549360846761,-71.71276484993864)
(398.4062002687617,-352.52903386427596,-71.70304148388747)
(398.0104135440436,-347.19773432212963,-73.53127279058604)
(400.5935345301621,-345.0463718673436,-72.56843104817727)
(402.3171727142809,-341.599085441311,-75.45807859851078)
(403.4905291543596,-340.02608026410803,-78.4517268082492)
(405.10802934477863,-334.17967309763264,-80.49925634604364)
(405.2324173435962,-330.41659027669056,-78.9447511278867)
(404.6420637710629,-327.1060053376037,-83.42342245079608)
(407.80342085580173,-326.07406050036013,-84.59029375886401)
(408.41749645761314,-316.8345495933969,-91.35066448120293)
(409.2242053119186,-312.92924547530555,-93.97938783561116)
(412.18904812979105,-310.3501662776372,-96.65741698936304)
(411.26283542765316,-306.3791579094895,-98.9726409161222)
(413.2324537993035,-304.23462105985254,-102.67294727842173)
(412.43872186322636,-301.63655011862113,-105.77276131300377)
(412.74740507138586,-297.6838484555185,-108.53207126557476)
(413.53544136082775,-293.63686715542235,-112.79843049459839)
(415.31875521597976,-291.78519406403046,-116.3594538286776)
(412.9355416345014,-289.9754821300168,-115.84739606021459)
(415.79876863970793,-285.3880925911447,-122.38551013923015)
(414.0235353089249,-283.56330126415423,-125.23232503136431)
(413.9571427964793,-280.87077768669036,-127.21675673558622)
(415.58761069642475,-277.91869516301995,-130.89401628071838)
(413.2242872236621,-274.57858435668845,-136.03755946368216)
(413.3402929885272,-272.6441190817902,-137.46568514924175)
(414.7674828844326,-272.4306943323538,-139.26486387293377)
(411.3902149769302,-267.7767733718392,-145.0326836332334)
(413.5936472157517,-268.710820912213,-147.4291621968639)
(411.39212464547245,-266.27555691812296,-148.74685552994774)
(410.65884456341536,-263.4786953090287,-153.78160680758535)
(411.21431085273053,-263.47663700889,-156.33078992508814)
(411.05196213687134,-261.407005297161,-159.00309845973865)
(409.4995671184905,-260.20549679764116,-163.65435138511785)
(409.851371167623,-261.1360356793249,-165.73111284085707)
(408.32456228189216,-259.97013198973167,-167.84480245636524)
(407.00147458091305,-258.98432554199434,-170.31609092332573)
(406.10021303208447,-258.6187169249984,-172.47028706745505)
(407.05866872081685,-262.279080907468,-174.0201514095007)
(405.49186426944306,-260.67098709304514,-177.77914615266775)
(402.38826973780135,-262.14518086080216,-180.56169106391684)
(401.30453884331814,-263.65235861967653,-184.73305929099755)
(401.00658682260894,-266.6220863664685,-187.96906547639665)
(398.26348263538125,-266.564191377319,-188.42997973241967)
(397.14723841283654,-268.81191742342025,-194.13102684567937)
(395.21168504666554,-271.32128240337585,-195.98495303535216)
(396.0271568688963,-273.56583780066495,-196.18923997166763)
(393.1507953099147,-274.04877837682426,-197.7177716439765)
(392.5098994359866,-279.55223849283345,-198.1412862280966)
(389.32945723683645,-280.99477329820616,-199.42968731523345)
(387.2811992155741,-283.6028938999049,-201.4805355288438)
(383.3332204964496,-288.2898829168542,-204.11426687674307)
(384.8203528012078,-290.11201905916136,-206.28488121403922)
(383.1974280941728,-292.8855890911035,-204.99472074637058)
(380.0384256885359,-296.6503616664064,-206.40298509451327)
(379.11978298627866,-300.2042797412111,-207.16067432318104)
(374.9147026583372,-303.9775922367066,-207.99170793107427)
(373.81875502407047,-309.6456291724582,-209.4907287381784)
(372.28957668462965,-311.9862711582337,-209.63638627605255)
(371.1215011379857,-318.64816450159475,-210.66746055637333)
(369.82213073086297,-321.1410010637854,-209.58631842253047)
(364.8717917385306,-324.9376434369927,-209.81507600260898)
(364.7544304707466,-329.0334350480114,-209.38470133778122)
(362.2669119656465,-335.3528276398547,-209.64252436425122)
(359.6451078840369,-338.09733801906987,-208.8552158610012)
(358.58564445122204,-343.19908459004085,-209.15034430276881)
(355.31042866753006,-347.832898462443,-206.42489288188946)
(353.5789004278261,-351.81777920365295,-206.1018755199344)
(351.6257901646947,-355.863600286198,-205.49735940551662)
(351.4061090357678,-359.39129532233903,-204.5390909286532)
(348.4373621459206,-363.42825828972985,-202.49513128463275)
(344.1034192050968,-372.4284600814271,-198.10061271822696)
(343.02339932174436,-374.0872161492753,-197.86704363613381)
(342.09188676402516,-377.8943261352147,-194.0810110809401)
(342.1103419154481,-379.0225373630254,-193.8300668751914)
(339.0413662554118,-382.90297774053255,-192.0033027504966)
(340.6265974899799,-387.94739436557774,-188.0162199082791)
(338.068331165834,-390.46394779366966,-184.37276080754353)
(338.1202197873214,-392.4339359762364,-184.0554221714868)
(337.2955062352138,-392.7518195190977,-180.01109208214123)
(335.50082580477635,-395.141326159466,-178.94255341525218)
(336.45061364102725,-397.1172045175339,-174.3867259266892)
(335.10063875404177,-398.7074171237853,-171.72738061984032)
(336.9268033661924,-401.21384726786243,-166.21342163440755)
(336.8617701130106,-402.24074319020326,-165.24857901807184)
(335.2981057450323,-401.1251429508341,-163.79891125543486)
(336.6872664008766,-402.5293119530844,-159.79778017168914)
(338.2352221642503,-400.9472199224545,-157.19905341287568)
(339.94249361874876,-403.0142518245257,-154.03791904863692)
(338.9755721345592,-402.3719425540134,-151.377405277959)
(338.08150891874317,-402.9688330000775,-146.60709532418102)
(339.3825669079408,-405.5600626471347,-143.8561042211228)
(339.4146421430676,-402.9281401754846,-140.55434272819247)
(340.76519114297963,-401.34277666733317,-137.90395520070695)
(341.51951294619613,-399.715236267759,-134.5450599065609)
(343.8007023732264,-399.9995887919629,-132.0597867897003)
(345.5362118414268,-396.8600243478903,-130.5379552488481)
(344.6141362258091,-397.6274047448346,-126.05357544515051)
(348.8571824524494,-394.4312831590793,-124.03954880469863)
(347.60859742698864,-392.7048190850048,-122.39866190139254)
(350.48243186327824,-391.46338797251553,-121.01298706109988)
(351.7331304115329,-388.3494880644309,-116.19436032627975)
(352.9880984892646,-387.35021187225055,-116.77400069638185)
(353.6525581639906,-384.66137315898584,-115.97280238076495)
(354.9819214364903,-381.9505459169534,-112.44519092616375)
(355.7259082045367,-379.243369283007,-112.60498224301173)
(356.86208921925873,-376.0529876331264,-110.62812530681809)
(358.2005641088291,-375.2429131572881,-109.07282110655986)
(360.7057898871358,-371.8082220070713,-106.35776675675679)
(362.09434029469134,-370.1602398741399,-106.15712088036373)
(362.89927605010513,-367.390473970338,-101.90142653447081)
(364.17940427814796,-366.19021594280423,-103.42563863317781)
(365.31455351311854,-361.30038397760245,-101.70520992308485)
(366.76276310779105,-361.17646434660384,-101.25645226907328)
(367.11269385987157,-358.2913056203308,-97.30883712582818)
(368.14214040425213,-356.5435721302072,-95.48095915114754)
(369.0616949047342,-356.21600368792394,-96.40482082259618)
(369.8614881962343,-353.31575521878557,-96.07510961130917)
(370.754175545556,-351.5482393447695,-92.86074284170883)
(370.93019362712,-351.35060133104474,-92.04635487016677)
(369.76752056281276,-349.9350659831703,-91.50590279045407)
(372.8497653265072,-347.69322099598753,-90.25798264303896)
(371.5221136066871,-346.7933487540073,-87.79508034736747)
(373.77224678416223,-345.77102364204757,-87.31735350071288)
(374.59163334539153,-344.49286306803486,-86.9750580007327)
(373.42222422741173,-346.625433799284,-84.74822411765201)
(373.0726031704323,-345.02491646600754,-84.6125603738137)
(373.29039552639694,-343.27049329716317,-83.96432421444209)
(373.46919778679325,-344.52983076677515,-82.75759082913764)
(373.58966363162443,-344.3655294810463,-83.9713145912166)
(373.4284815533522,-345.74495793818994,-81.64956840648807)
(372.26720527943075,-343.4495383019576,-82.37977209595793)
(372.8184573856981,-344.70231601556344,-82.732249471036)
(372.81916330125404,-345.2177585121669,-82.36845778800422)
(374.33635939521815,-345.74985302718056,-82.09149596911114)
