(80.28559384147233,-596.6759471679201,-175.12821439718414)
(79.10836205238036,-596.3036821355716,-174.9663606041773)
(78.72492977924833,-595.7581479776151,-175.49750617402486)
(80.49741242369556,-595.6926148583422,-174.8365268346562)
(80.31133794151569,-595.7299029390107,-174.891664003701)
(78.49160300722728,-595.5702834025361,-172.81388320298598)
(80.81550954968532,-595.6045421210468,-175.01974754100144)
(79.76878228718867,-596.8436611708612,-172.64218581136188)
(79.5629281893276,-596.2288863798683,-174.1800295984922)
(79.69943744149474,-595.6994660579529,-174.48472888331062)
(81.04514042650601,-595.9662640096419,-172.73803414219782)
(79.81642661007531,-597.4522107795149,-174.50978388245406)
(78.3674136455628,-596.9766727124378,-171.67090976361837)
(80.31558678271122,-596.9409381542714,-175.6268011347285)
(80.87798634760361,-596.8014594215791,-170.8668383632316)
(79.70380697333287,-598.3720999800956,-172.16632667969486)
(79.84799336396112,-597.8669421042199,-171.53159983106036)
(79.64424972606048,-598.4340146723666,-167.46982217623955)
(81.05858620853708,-600.1107818017512,-167.7252248710626)
(78.05642044356172,-599.3432528690508,-163.24368806047156)
(79.90279632205312,-601.7417286020968,-162.32336148360352)
(78.80094261323332,-600.7354552664146,-160.90928067241666)
(79.9586302564627,-600.4000595530749,-161.77574015153232)
(78.84682857944243,-601.241470952742,-158.25045871629737)
(80.88588231957999,-600.4924999843367,-154.76431695698005)
(79.21148014665621,-602.9318710682865,-154.53400441028515)
(78.85205968413595,-601.0549976261411,-151.83559263633063)
(79.71495512534332,-603.7816318614483,-151.76371799335612)
(80.23517132792105,-604.2348854316967,-150.22076438153354)
(80.4245890914824,-603.9220472379518,-146.6424232454648)
(80.68407654354463,-605.0250342305098,-147.8974810672067)
(80.08384197931905,-602.7466017358101,-146.4648572268442)
(80.41239557764113,-604.0195114543172,-146.35278160294968)
(79.00914617171347,-603.9173294972697,-145.20884045375067)
(80.40055168551545,-605.1487551063832,-144.8818611495766)
(78.97163620755383,-603.7933925463599,-142.7284866009643)
(81.90892559849578,-605.973095695415,-142.76149896928382)
(80.06438831020846,-604.0845308360041,-143.51902544773338)
(79.8035033079329,-605.2051647582103,-142.136883887212)
(79.05787880639578,-606.125395653709,-143.44052649232637)
(80.63958860825203,-605.797101579837,-144.0240380763468)
(79.04318586222404,-604.4593481207121,-142.69197801639478)
(79.64749410088868,-605.01772999236,-143.21285258140094)
(82.07593475811457,-605.7903314033915,-142.3158181792427)
(80.38537043452958,-604.7808328928539,-143.45113703170628)
(79.56357374137797,-606.0537414533945,-143.32438633041272)
(83.0964701073348,-605.236516806482,-142.95108158057755)
(82.42463916923086,-605.9816964464322,-143.13421255098672)
(80.57132672847744,-606.4425204610847,-141.74520755984292)
(83.41166536665351,-605.02243584997,-143.38831234312136)
(82.96357431083612,-603.713794229784,-142.6368595775865)
(83.39654341537397,-602.9684934180822,-142.58568984645683)
(86.46801477257871,-605.2801591927429,-143.80599317087345)
(86.67546073367158,-602.3266228808995,-141.2046104486283)
(87.42158234530685,-604.2616121594966,-139.9752873783527)
(90.1999440997944,-603.6792354020777,-142.66366828780033)
(94.17906322709415,-604.1359240803164,-140.78162596775252)
(96.19082394212036,-602.8859179625751,-139.35522531644185)
(98.85973283824248,-602.1793300425397,-140.98380669200608)
(100.3839609248951,-601.3797698796299,-138.90771972788033)
(105.64410518141206,-601.2372489958597,-139.12432954520128)
(107.41109990877918,-601.5304586043817,-137.85782934509527)
(111.89620729048697,-601.2255783039233,-139.36598591268162)
(115.35074810880708,-600.8334306559508,-139.95945442443409)
(118.00725954389989,-598.2053194159224,-137.97195090829672)
(123.80539723389123,-596.8434805744495,-138.5756342424738)
(127.69759507117816,-594.9567706846444,-137.2028892577918)
(132.46430320068046,-595.1534251588974,-136.6256856259914)
(137.0925212118073,-591.5430771019822,-138.1248046123939)
(142.41182696627487,-590.6722169758116,-138.4994364453866)
(144.24504235386834,-590.7002092362362,-136.92794028736145)
(151.2372362881802,-591.3263093719705,-137.71035376311568)
(155.69822315954158,-584.6777876046626,-137.9933900707086)
(159.99158360362978,-584.5310797451685,-139.14127487378076)
(165.06038389931757,-584.2986069132517,-137.01800721801695)
(172.42841148392228,-581.6323321094084,-138.92486891844158)
(177.49357924286693,-579.3318706152929,-138.88924470341678)
(185.349675074963,-577.1966622506908,-138.05126071995807)
(189.68218119842254,-573.5351880611179,-137.90804968402452)
(194.49889226756378,-570.3624888269162,-138.97093019566753)
(201.6139779226499,-567.950603968404,-138.42874604235593)
(207.35448070021636,-564.1005872609376,-137.27898515253548)
(215.90434810327977,-562.4815327539546,-137.44585632809031)
(222.01282348156627,-559.5263390413554,-138.23913091892837)
(226.4137815443496,-557.0505084194629,-139.71425955893142)
(231.653274813422,-553.6781948191085,-139.32063352682124)
(238.60769968034776,-548.9781538723789,-138.00471791704285)
(246.8276099346632,-543.8097563887236,-138.70024263560563)
(251.96433472443505,-539.7799094240578,-137.55965607528367)
(259.6276237037156,-534.7774278165379,-138.40050600050267)
(265.8819546601587,-531.8439806135859,-136.59510744448403)
(272.8783005544294,-527.1424147609757,-138.39430642962694)
(279.31846187577753,-521.8118860221435,-138.15879806023563)
(286.86757117285396,-516.1544606043368,-137.78185150715038)
(292.85283253486745,-512.2740326053007,-137.5435796530863)
(299.5281689366389,-507.22098197034694,-137.67962381931954)
(307.2299227464612,-502.86393442635386,-138.82504149217047)
(313.45005290631923,-497.0930304895267,-139.974826845447)
(319.74612353778497,-489.12516276646744,-138.00824286145726)
(324.97651528431663,-484.6737882368779,-137.64718749307374)
(332.0955102703477,-478.66131065404517,-138.08394431956467)
(338.51905953642495,-469.75909098221854,-136.3235950979)
(345.70681118127527,-464.82505769459846,-138.28159520658158)
(351.37175732325045,-457.6415107000382,-137.11226939760363)
(357.99403441963165,-452.76745967201003,-137.5246832147453)
(364.867378491437,-444.40256840381505,-139.8850870313043)
(371.12063087879557,-437.32487406305336,-138.2268237389848)
(376.1007229232157,-432.02647323761124,-137.28425072825308)
(380.66427478450856,-424.240085517233,-137.72263675342487)
(389.9950527320459,-417.3272299430935,-137.86715042661544)
(394.9409083635802,-407.99427795184323,-138.32719992281815)
(400.06599526741894,-400.42523268971865,-137.75813868307827)
(405.26903980177514,-392.7049199063815,-138.74059080646853)
(411.394937155413,-386.485507907258,-138.5058635655135)
(415.8684970887614,-377.4365847384231,-136.16409607359662)
(422.6791237291305,-369.8819422615066,-137.67894071445335)
(426.70699604613867,-360.3684827035219,-136.66341068213626)
(437.14745295226817,-345.0164413106715,-138.1952626266885)
(442.5204957283431,-339.04544992072016,-137.06289690925263)
(447.45702143944686,-326.9092670236623,-138.13525183910627)
(449.8296715789261,-318.65581487328274,-138.0007972110034)
(455.58346907422447,-310.76787541634263,-139.0127923685832)
(456.9518224469925,-302.2618995409957,-138.4971364180278)
(462.1432668967979,-290.9528295819496,-138.83261253576654)
(466.1439012273644,-283.7456119018708,-138.61810770122588)
(471.58863572286526,-275.3764849866319,-139.842909358253)
(473.32075941833665,-263.05594135366545,-139.54125861019887)
(479.77617353000744,-256.2679841121888,-140.2997782053402)
(482.34075226944225,-247.66622574970063,-139.1982325794483)
(485.0243647110013,-236.99821079104115,-138.49499661663273)
(489.2324457498409,-227.18683289607984,-141.0400698868948)
(490.1398339156829,-217.92295526793072,-139.8911074247489)
(493.8280612448028,-208.9626340577218,-138.5700067999966)
(497.7316993040986,-199.30352334388846,-138.913353896458)
(499.4527982326054,-188.71030015154489,-139.33609913868816)
(503.77752489277105,-183.05312213167895,-140.36840269218428)
(503.99476383713096,-171.0642164691769,-138.1939030829688)
(508.45380297808464,-163.09328442852356,-138.7085834209726)
(509.50418060141834,-152.46765620392242,-137.78318902233153)
(510.49800651013476,-144.56020478901848,-138.80495393692874)
(513.2440169873764,-135.15435646515866,-138.22275898154993)
(516.6841421954083,-123.10081263861697,-137.18647179618003)
(515.478081568088,-113.95495976822995,-138.44339539926125)
(521.0106762842561,-104.89695390191225,-137.95945914205294)
(521.2427379324479,-99.86775703557655,-137.9090287135952)
(522.5355488396661,-91.1834489178484,-139.7459778838153)
(522.2427521090485,-78.982307164469,-139.8581312944936)
(523.3779694105573,-72.26382883588245,-138.00880415410083)
(525.4871198146429,-62.7841938945069,-138.9842042894161)
(524.2418256658563,-52.10665569220962,-138.7878367289571)
(525.1590092602089,-42.77573825333657,-139.85391332414724)
(525.7688318442512,-34.641535654414064,-139.9160280454502)
(525.2646788612259,-23.20735350500306,-139.15179713550305)
(526.1547921254827,-15.25044096175434,-139.84544104321176)
(525.2779259569868,-8.992651539150991,-139.05513647589507)
(526.2619222725056,0.9400459187978836,-138.3654337712053)
(526.2516073204484,8.062104824198222,-139.2581211215294)
(526.1200524126873,17.998436431106303,-137.48958278111098)
(525.9310236689745,26.069913326361263,-140.11951602371136)
(528.0679613248491,33.509913014073504,-140.27528498873488)
(526.8792064788781,42.35898932524548,-137.45927597792263)
(525.807708900545,51.133449825154976,-139.3832243124437)
(524.7653504987555,56.66687859153937,-139.20163470051926)
(524.3403726857514,62.162030349801334,-137.97454837913378)
(523.4088266168773,72.68882427631945,-139.143684497136)
(522.2208087077917,77.69570050026341,-137.1170194262602)
(522.4800812873762,84.80283909100972,-138.72797741090864)
(521.2484539412726,89.69367787505323,-137.71554991627912)
(521.0971226684359,96.51438548532839,-139.60382582475378)
(519.5852477850445,103.67306941953522,-137.9007050170479)
(518.7777803398632,108.80174282813172,-138.37079601424946)
(518.2513443622933,113.02532961096324,-139.98175468563207)
(517.994528206496,118.08284629976572,-136.59890980093581)
(515.6104291561006,125.28792091830566,-137.1938944269108)
(515.1355431223673,127.82245297108857,-136.84326095864256)
(515.233838462063,132.37542296794447,-135.9482200929309)
(512.9128280591084,133.54515776001205,-136.78518772469806)
(514.1364256585921,140.81960165349966,-138.94555989745368)
(512.9605382191227,142.5427040023267,-138.89325794422552)
(513.1654036719292,144.89377785107064,-137.95420196909288)
(514.288062167312,144.80262778939897,-138.54467885677812)
(512.7264193634477,146.26039033444965,-137.06861121721113)
(511.1967186545748,147.16350905880114,-139.56804628939804)
(512.6033178843106,146.8830789810566,-136.588426030961)
(514.4433431203748,143.47608265108306,-137.2524261688049)
(514.9562241815363,140.39150883508665,-137.3746490128848)
(515.7405274198529,136.9245735785583,-137.30600915503655)
(516.8439569910875,132.8147538896789,-136.9502070929957)
(516.9414581340625,128.66806480395405,-139.05800245964625)
(518.5072170015942,124.35662051600296,-137.23188144511272)
(517.7446265047129,120.0899464408333,-138.22613810286808)
(518.933535528171,114.49803902366331,-136.97580154462582)
(521.6791830802986,110.48974471870122,-136.1956849704789)
(522.4282846552885,106.48745191234225,-139.97505959860771)
(520.297954151905,99.3377174703109,-135.9441062897924)
(520.320249296368,97.06583099213694,-135.57620102650233)
(524.5409189418807,91.91721094292059,-138.12561184244433)
(523.2176378526252,89.74699707566215,-136.41281136366828)
(522.6110242495164,85.20897336243185,-138.30479351164018)
(523.922736094431,81.10007280522929,-138.4806510620631)
(525.0205651835596,77.76989936172599,-138.85149634139094)
(524.2217331631656,74.67617255259175,-137.7832331030482)
(527.5225277614252,70.53638876638395,-137.63206213552309)
(526.6074218757427,67.04990516588765,-139.72813881853702)
(526.3347789113348,62.50510318844474,-136.45356448499098)
(525.6130688265777,57.985591394433165,-138.42488873552878)
(526.059639077015,52.756367397014394,-137.54200817803115)
(527.8114227462055,47.63747588015264,-137.72971881667155)
(526.2786858201081,42.401112111659415,-136.08823086672868)
(527.2421342537964,36.95678937477576,-138.31882313840825)
(526.3315310660236,32.20925355431635,-136.42684279645695)
(527.4402690933888,26.054519056110422,-136.52639566611774)
(528.2731288998502,23.183409449043772,-138.44523858466445)
(526.7979594320853,15.203846695323522,-137.51972544773662)
(527.3609710187412,8.214459656164928,-137.06307083466857)
(528.0652772015678,2.1799027903657184,-135.867661109273)
(528.4151914734292,-1.7470390923620804,-138.03715178729715)
(528.9360886869574,-7.575834603256261,-137.00310187350834)
(527.6323217112885,-15.577329651577024,-136.95756805950288)
(527.29694807553,-21.9924275548219,-136.79081705057507)
(527.0668623878288,-29.276833012574222,-138.18838877839164)
(527.9364538913597,-36.196754556879405,-134.9737011906648)
(525.6422335622436,-44.70656025317485,-135.7775696201402)
(526.8433082831,-50.459230916496864,-137.28135372038022)
(525.5515858682684,-59.1174464354678,-136.7044730474509)
(524.6963127148243,-66.0223705390195,-137.34210882563417)
(523.6883695254917,-74.94934452322197,-137.1053980843815)
(522.0983985674715,-82.3060734106242,-136.83351667280235)
(524.2949868819844,-89.65215583684518,-138.44401763577702)
(521.4865217765415,-97.0701285067524,-137.25952323904986)
(521.1334475709191,-105.96760740341308,-135.86633361087135)
(520.0636978291184,-112.91833024469354,-136.35290406480814)
(518.1835159440292,-121.8367152438659,-137.44909573990964)
(514.8305325340449,-128.11956098274715,-137.57969646293074)
(514.8819631514182,-139.77708749688267,-137.7167882424519)
(513.4497257431065,-145.36611181846354,-138.6104669005317)
(512.5140176445816,-154.10597761580627,-134.82653463308898)
(509.84437909273754,-162.04858755968434,-139.1323567523547)
(509.7800356905347,-169.55096793820837,-136.59330942040893)
(507.8080839500485,-177.45087295176117,-136.80745998004937)
(504.17933807513253,-185.55207416278063,-136.55410815347)
(500.9024972151395,-194.10530339204644,-137.00686905058274)
(499.37148886707234,-201.49405195530125,-137.78630309841657)
(494.1132234257024,-218.4493290748816,-136.67201917769012)
(493.7166021402375,-228.48205302871898,-135.84800003538075)
(489.32913927880236,-235.99295788280156,-137.58752752058857)
(486.85064218596904,-243.903683138387,-136.237808657047)
(480.38398967625,-251.6469531973321,-136.1370326647545)
(477.9857699662852,-260.04652470259254,-136.1780118060355)
(475.85685328053495,-265.55739643187184,-137.60191624816693)
(473.81900309731543,-273.8198696507151,-139.08312672539876)
(469.34867695673097,-282.1534652717751,-137.1072818416074)
(468.3353756316606,-289.5550372159867,-136.18294441296237)
(464.25268351419254,-297.1062055313942,-136.54208224499183)
(458.2617823793262,-303.20574509091455,-137.57612711202682)
(457.630532010472,-313.9991490651871,-137.92199082290338)
(454.01354181828737,-319.12334285224046,-138.15814673585177)
(445.4544911537011,-324.81001461274866,-137.33065210144113)
(444.45850292321086,-333.42301934941094,-138.51160320365855)
(440.64968903338445,-340.59472670165883,-137.62179524822957)
(436.0964898061702,-348.3461860856014,-137.2353830864147)
(432.1596812548306,-353.8044109289276,-139.0680450674293)
(428.2430944701841,-360.7395180744691,-140.75799484927856)
(424.11770866819836,-365.4988108943643,-139.39607727576126)
(419.85325029769666,-373.58802229085484,-140.34846537315906)
(413.7429935080067,-381.07500024243245,-139.87615219559953)
(411.12548237330844,-387.67015350112723,-140.5800918085915)
(406.21774578431507,-395.03683671819687,-141.49789859028667)
(401.9024804796415,-400.33041823051315,-140.75902585395605)
(396.67868254231155,-405.08381146726754,-140.4881631712908)
(392.59779914722924,-412.6842927743065,-141.2989779272625)
(387.56617811198157,-419.3012563581948,-141.75135981647588)
(383.03015266373035,-422.7750558042259,-145.4483350482033)
(376.4214984188818,-430.9717973304931,-144.12099500475554)
(374.7848076902258,-436.05094555742113,-145.9560566007378)
(367.3433473315319,-440.06525088584607,-146.59592034923074)
(366.0838903624447,-446.4755327376542,-145.4862444307527)
(358.65089126715316,-450.2233504177529,-146.64019670881)
(355.1273588151,-454.9236029229598,-146.39315051334827)
(350.0021179178079,-459.7861109747963,-147.20052707078895)
(344.16678272104383,-464.0201721517454,-145.6408230626796)
(341.1657841416035,-470.2721477924234,-147.87862293204103)
(334.969311075496,-473.5321032126672,-147.9334322691406)
(330.18482750986067,-478.77114674416447,-148.89648767855476)
(326.3012680740807,-483.3420190580146,-146.87120289509568)
(320.417423689944,-486.879106863588,-148.76446089044464)
(314.8908597957272,-492.4256036216456,-147.50368441539692)
(311.08517040471503,-495.30213970007554,-149.42099958139264)
(305.1800592959932,-499.56282787392234,-147.5817701245565)
(301.18777851993906,-502.78505627240423,-148.4083493738158)
(296.97197651445634,-507.741465606606,-147.58252305404366)
(294.2552677283657,-509.8743561787081,-148.25483055137857)
(286.1236241452772,-515.4956835902117,-148.34807971619915)
(283.07975816260006,-519.7723202874803,-148.77741919609278)
(278.352117515609,-519.6100756295775,-147.99739519490677)
(272.36234864600476,-524.9557901754634,-148.05749214682714)
(267.8373424577772,-528.6255647647685,-149.7250814492975)
(264.49666100052116,-529.4255676389994,-147.8803677404227)
(259.64781645199423,-534.4578842033617,-147.50081255133665)
(256.98429648358336,-537.6131382857814,-147.43921880755536)
(251.26079921764182,-537.1202569147141,-147.5015534412073)
(247.11668741115855,-543.083366842457,-148.07467266544896)
(241.36163563087035,-543.8226351161059,-149.5737461724649)
(236.41156352054364,-545.8211631472589,-148.0942668625092)
(233.20550553454206,-550.1752667673904,-148.69305952431927)
(227.65040204344538,-552.503937492732,-148.45710744463864)
(224.31660193585574,-555.4142718222769,-146.91147868669478)
(219.82976859274677,-557.3486340178815,-145.4992031312335)
(215.53256728625084,-558.0372458759799,-149.44375195381093)
(213.6142376023396,-562.2594577151715,-148.41647513796417)
(207.67292413406253,-564.3264450556939,-147.89199103420754)
(201.76365965608667,-564.2897695222283,-147.75805171482114)
(200.96320299943642,-565.4423166541334,-148.45115936430773)
(196.7926315039592,-569.5643532432371,-148.3672892020078)
(193.82393109059163,-570.5704776881907,-148.75266307900407)
(191.89044781031234,-572.0413707688308,-147.1134945800798)
(186.05769916856002,-573.8106031100609,-148.82496929347894)
(181.0045388889314,-576.5466706894805,-148.41483226966025)
(178.44556975085632,-576.196874690034,-147.83273373774796)
(176.6243050076633,-576.2480212171396,-147.85716540546605)
(174.20392295626044,-578.6161300732024,-149.1108270707802)
(167.69048242022313,-578.2030056425833,-147.2695635681033)
(167.20380956936359,-579.3943139276361,-149.08326716204314)
(164.56043379846037,-579.8479716033589,-149.07501241836573)
(161.58366494125931,-583.670153277818,-148.57861634983996)
(158.09157964615068,-584.9433075371351,-149.64794295010498)
(156.68623702768713,-582.3075257433601,-148.21965787790853)
(153.67148320016426,-586.4976986787377,-149.23761417050383)
(150.75529283480398,-586.0024176725367,-147.53567708790303)
(149.7421383426344,-585.5168866560164,-147.1168632788782)
(146.15042914534266,-588.0614781449509,-148.2752844179109)
(143.67364880058105,-589.1942768573049,-147.58721557302306)
(140.77943360246852,-590.1437410959725,-148.2158957947196)
(138.5441329145614,-590.9290548399593,-147.93479280373143)
(139.98690202673734,-593.1056849847901,-148.46605136802893)
(132.86098010591948,-591.1731997769858,-148.99879229300763)
(133.00699224086551,-592.0794068853509,-148.9123107007826)
(134.5876221974294,-593.2323683176554,-148.13565741456918)
(131.00776553639258,-591.9798366969396,-147.02294250315344)
(129.78913625089044,-592.5894407968862,-149.278179416086)
(128.5134541908431,-593.1724670104389,-148.39280879297047)
(128.20116840866464,-593.3864476964383,-147.75804459442568)
(124.94184619484197,-592.0316518802293,-148.7215134406053)
(122.3339151898283,-596.0797722561305,-149.1734623195048)
(124.1053908667694,-594.2944208644161,-149.324101432022)
(119.33653489497969,-593.8050953079143,-149.4462529293344)
(122.03597654920361,-595.3875217816516,-148.6508487502535)
(120.25177882073267,-594.2145744638364,-148.4139353617761)
(119.4264331783136,-595.7075071107873,-149.9488149253338)
(121.37791474915248,-596.9915320179921,-149.68750302065772)
(118.29465887345515,-596.1635680316053,-147.94027692689846)
