(402,294,-217)
(391,297,-210)
(395,290,-212)
(400,281,-213)
(404,299,-207)
(399,288,-213)
(402,292,-211)
(399,295,-206)
(401,292,-218)
(392,293,-218)
(400,296,-206)
(397,294,-208)
(405,293,-220)
(392,304,-207)
(397,294,-206)
(398,297,-212)
(397,303,-219)
(395,290,-206)
(391,295,-210)
(395,305,-209)
(389,286,-212)
(403,299,-214)
(397,299,-209)
(401,289,-211)
(399,298,-206)
(392,296,-214)
(397,287,-210)
(399,286,-217)
(402,296,-212)
(397,296,-210)
(401,289,-217)
(399,297,-210)
(396,285,-213)
(399,280,-206)
(403,290,-208)
(398,294,-213)
(402,279,-218)
(394,290,-206)
(401,284,-217)
(414,282,-205)
(408,274,-217)
(402,282,-204)
(409,276,-213)
(409,271,-206)
(411,270,-205)
(417,260,-211)
(419,270,-210)
(416,266,-210)
(421,269,-201)
(417,266,-205)
(407,257,-211)
(413,257,-203)
(413,259,-198)
(431,249,-198)
(425,246,-184)
(420,248,-188)
(437,251,-183)
(432,247,-190)
(431,250,-178)
(435,249,-179)
(429,234,-176)
(443,238,-171)
(443,242,-163)
(447,239,-163)
(443,234,-168)
(445,228,-170)
(447,230,-153)
(453,230,-147)
(458,221,-138)
(444,224,-139)
(455,216,-143)
(454,218,-125)
(455,217,-126)
(461,210,-117)
(463,208,-118)
(457,198,-102)
(458,203,-115)
(468,196,-109)
(467,208,-99)
(472,196,-96)
(470,192,-80)
(475,190,-89)
(473,185,-81)
(464,182,-79)
(485,181,-75)
(480,174,-59)
(479,175,-72)
(477,167,-51)
(481,169,-52)
(481,155,-45)
(484,157,-41)
(494,156,-42)
(485,151,-45)
(483,146,-22)
(495,142,-17)
(483,143,-15)
(490,132,-20)
(487,145,-13)
(489,129,0)
(491,126,-2)
(492,131,19)
(503,124,8)
(499,120,14)
(498,123,30)
(500,101,23)
(494,103,34)
(489,105,36)
(491,101,40)
(492,102,49)
(498,91,49)
(494,79,62)
(497,78,69)
(499,79,77)
(490,80,73)
(496,79,82)
(497,68,85)
(499,66,83)
(493,64,103)
(502,58,104)
(492,51,116)
(498,52,112)
(485,46,104)
(492,32,124)
(500,38,126)
(488,29,128)
(495,23,139)
(486,25,145)
(492,21,145)
(496,21,150)
(484,22,160)
(488,9,156)
(492,5,162)
(478,-3,167)
(481,-7,171)
(482,-12,177)
(482,-13,189)
(474,-15,186)
(482,-36,200)
(476,-38,190)
(479,-26,216)
(473,-43,201)
(478,-42,215)
(469,-49,225)
(476,-51,225)
(473,-58,231)
(470,-59,233)
(463,-65,246)
(472,-72,246)
(462,-80,252)
(453,-86,258)
(469,-93,260)
(460,-92,261)
(456,-79,268)
(457,-99,274)
(450,-100,278)
(450,-109,276)
(456,-121,292)
(455,-116,292)
(446,-125,306)
(441,-122,309)
(444,-122,307)
(441,-123,305)
(431,-139,315)
(439,-143,322)
(419,-151,335)
(428,-157,337)
(417,-163,337)
(423,-170,341)
(415,-177,348)
(408,-170,343)
(413,-167,343)
(405,-178,357)
(407,-183,364)
(401,-193,363)
(403,-192,364)
(400,-200,382)
(398,-198,377)
(389,-202,376)
(402,-204,381)
(395,-202,380)
(390,-204,387)
(393,-210,386)
(393,-227,392)
(389,-228,383)
(377,-219,396)
(384,-222,395)
(377,-225,393)
(376,-229,399)
(376,-228,400)
(386,-239,394)
(378,-237,395)
(380,-240,402)
(371,-244,406)
(372,-247,396)
(376,-249,402)
(367,-244,402)
(371,-245,394)
(369,-252,410)
(369,-250,412)
(373,-250,402)
(363,-253,398)
(365,-250,402)
(366,-255,419)
(369,-260,399)
(361,-247,420)
(369,-257,417)
(370,-244,420)
(369,-258,406)
(368,-251,414)
(373,-249,415)
(364,-250,411)
(366,-258,421)
(362,-248,411)
(364,-240,412)
(376,-237,425)
(374,-240,411)
(374,-241,419)
(374,-239,410)
(375,-234,414)
(380,-233,407)
(384,-229,418)
(371,-224,411)
(376,-229,407)
(382,-213,407)
(386,-225,401)
(387,-214,411)
(387,-208,417)
(389,-204,402)
(380,-203,406)
(398,-196,409)
(400,-186,398)
(394,-192,405)
(395,-179,400)
(396,-185,409)
(396,-174,401)
(401,-167,403)
(406,-172,396)
(410,-159,399)
(414,-154,395)
(408,-152,383)
(411,-146,390)
(408,-138,390)
(413,-133,383)
(418,-130,383)
(415,-105,379)
(411,-118,378)
(426,-103,375)
(421,-102,377)
(416,-98,365)
(409,-79,368)
(418,-100,379)
(431,-93,368)
(424,-75,363)
(439,-62,362)
(432,-69,357)
(437,-66,355)
(426,-52,353)
(438,-48,341)
(437,-36,344)
(428,-36,340)
(432,-24,344)
(433,-28,327)
(447,-18,326)
(446,-31,322)
(444,-17,315)
(443,-12,312)
(449,-4,301)
(452,-4,291)
(443,0,288)
(452,0,288)
(464,5,281)
(468,8,279)
(457,12,274)
(456,23,273)
(452,24,256)
(460,25,249)
(453,36,253)
(457,39,248)
(452,43,240)
(463,49,234)
(474,46,228)
(458,51,222)
(465,56,206)
(467,53,205)
(466,75,200)
(461,69,194)
(456,62,187)
(467,77,178)
(469,86,169)
(464,84,171)
(475,100,156)
(457,99,148)
(461,101,149)
(462,105,144)
(463,121,138)
(466,125,134)
(458,128,122)
(464,133,109)
(462,141,115)
(461,145,112)
(449,152,96)
(447,157,92)
(457,169,78)
(440,166,68)
(454,164,76)
(444,175,68)
(437,173,66)
(436,173,64)
(440,193,52)
(442,190,55)
(435,179,41)
(433,197,41)
(439,203,39)
(429,206,39)
(424,218,26)
(418,213,17)
(424,224,20)
(418,221,9)
(419,231,-1)
(420,230,5)
(417,233,0)
(406,234,-15)
(403,241,-13)
(399,244,-16)
(405,251,-25)
(409,242,-32)
(396,253,-27)
(395,256,-34)
(401,269,-35)
(387,277,-46)
(390,262,-39)
(380,278,-48)
(389,269,-63)
(381,283,-65)
(377,280,-64)
(380,288,-66)
(377,284,-77)
(376,297,-85)
(361,294,-86)
(364,301,-83)
(353,297,-90)
(355,292,-93)
(359,302,-94)
(356,301,-94)
(351,300,-95)
(355,308,-96)
(356,308,-113)
(352,304,-103)
(350,311,-112)
(353,313,-106)
(349,307,-110)
(348,320,-113)
(352,310,-124)
(344,307,-108)
(348,312,-117)
(343,309,-116)
(336,319,-120)
(353,319,-127)
(358,303,-131)
(354,319,-117)
(349,316,-128)
(344,315,-120)
(342,308,-125)
(350,319,-115)
(344,302,-115)
(343,308,-124)
(354,312,-123)
(346,306,-128)
(344,312,-126)
(342,305,-123)
(356,306,-122)
(349,304,-120)
(352,315,-122)
(353,305,-118)
(357,303,-130)
(360,306,-114)
(349,299,-128)
(356,319,-117)
(351,307,-124)
(357,304,-115)
(356,303,-114)
(350,314,-122)
(353,303,-133)
(354,307,-118)
(355,311,-120)
(346,322,-124)
(351,316,-121)
(346,308,-119)
(349,310,-128)
(349,320,-131)
(354,310,-127)
(360,312,-124)
(343,301,-126)
(355,304,-126)
(357,316,-120)
