(390,291,-210)
(395,292,-214)
(392,303,-213)
(385,296,-212)
(396,305,-216)
(392,289,-213)
(403,291,-205)
(394,298,-216)
(396,296,-200)
(403,294,-220)
(395,296,-216)
(398,302,-211)
(404,295,-212)
(391,304,-218)
(397,301,-210)
(413,287,-204)
(399,288,-213)
(396,294,-209)
(393,298,-204)
(394,295,-213)
(398,293,-217)
(401,287,-215)
(397,300,-207)
(402,292,-214)
(393,295,-206)
(394,293,-210)
(401,294,-203)
(399,299,-214)
(398,288,-220)
(401,292,-213)
(394,289,-210)
(405,289,-222)
(407,294,-206)
(401,291,-212)
(401,283,-216)
(409,290,-206)
(400,279,-214)
(413,283,-217)
(407,280,-211)
(400,277,-207)
(412,287,-211)
(404,279,-207)
(408,273,-212)
(410,277,-206)
(407,268,-216)
(416,266,-199)
(420,269,-213)
(413,266,-208)
(407,259,-215)
(413,253,-199)
(421,257,-193)
(428,266,-194)
(417,245,-196)
(417,255,-191)
(434,251,-199)
(436,252,-189)
(436,247,-188)
(433,242,-187)
(437,246,-185)
(432,234,-175)
(430,236,-167)
(439,245,-180)
(449,242,-167)
(436,236,-166)
(443,224,-160)
(447,242,-159)
(447,219,-146)
(451,219,-155)
(448,230,-140)
(448,221,-139)
(452,214,-140)
(461,214,-140)
(459,205,-129)
(458,205,-124)
(457,220,-117)
(464,196,-123)
(461,197,-104)
(470,204,-102)
(473,189,-97)
(479,190,-98)
(461,184,-94)
(470,188,-90)
(473,183,-77)
(478,189,-71)
(487,192,-61)
(480,183,-66)
(482,164,-64)
(478,164,-53)
(480,167,-53)
(487,166,-48)
(485,161,-47)
(479,146,-30)
(493,150,-29)
(482,148,-41)
(488,147,-20)
(496,143,-12)
(487,141,-14)
(484,136,1)
(485,131,-14)
(504,131,-4)
(494,131,1)
(498,125,11)
(493,116,17)
(491,111,20)
(501,123,20)
(499,112,30)
(496,108,40)
(490,101,34)
(494,100,45)
(494,94,46)
(491,98,62)
(492,86,56)
(496,83,74)
(504,78,80)
(502,81,75)
(497,72,76)
(499,61,79)
(497,62,95)
(498,64,103)
(496,49,102)
(489,46,118)
(496,47,113)
(492,44,116)
(494,31,130)
(481,34,118)
(487,20,146)
(487,24,144)
(493,12,151)
(487,10,151)
(478,8,158)
(492,9,163)
(483,10,171)
(486,-1,175)
(484,1,169)
(478,-12,179)
(488,-19,192)
(485,-12,191)
(485,-30,201)
(469,-29,191)
(482,-33,204)
(474,-34,210)
(483,-40,227)
(471,-55,217)
(484,-52,224)
(474,-52,233)
(466,-61,239)
(478,-67,241)
(466,-59,250)
(467,-76,253)
(460,-82,258)
(461,-87,263)
(458,-84,268)
(463,-97,271)
(460,-96,274)
(454,-97,289)
(455,-108,278)
(439,-111,293)
(454,-120,297)
(443,-122,304)
(441,-128,301)
(445,-129,300)
(431,-136,315)
(432,-145,320)
(434,-137,326)
(429,-158,323)
(428,-151,336)
(426,-159,338)
(413,-159,344)
(421,-174,342)
(413,-169,341)
(414,-172,350)
(404,-179,356)
(409,-189,352)
(406,-184,355)
(405,-195,371)
(398,-192,372)
(400,-204,368)
(400,-208,379)
(397,-211,383)
(391,-205,369)
(399,-216,385)
(399,-209,389)
(388,-218,387)
(385,-222,395)
(392,-224,390)
(380,-223,397)
(375,-230,396)
(375,-232,405)
(379,-234,393)
(382,-242,407)
(374,-242,400)
(369,-242,407)
(373,-256,408)
(377,-242,403)
(369,-241,400)
(377,-244,410)
(368,-248,407)
(364,-241,404)
(369,-255,408)
(368,-253,415)
(363,-248,407)
(368,-254,418)
(367,-260,407)
(364,-267,409)
(359,-253,412)
(369,-249,418)
(367,-248,413)
(369,-252,412)
(364,-250,421)
(363,-253,415)
(363,-250,419)
(361,-243,412)
(364,-251,411)
(369,-238,421)
(367,-251,411)
(361,-243,423)
(369,-236,421)
(372,-235,414)
(375,-235,417)
(367,-231,412)
(381,-236,408)
(374,-227,408)
(386,-218,416)
(383,-222,410)
(389,-212,410)
(381,-218,417)
(381,-202,420)
(386,-211,403)
(382,-206,409)
(389,-198,405)
(395,-191,400)
(398,-194,402)
(398,-183,404)
(403,-178,405)
(393,-171,399)
(396,-164,396)
(395,-168,387)
(408,-164,386)
(400,-154,393)
(408,-152,395)
(409,-140,394)
(417,-132,387)
(423,-124,393)
(411,-122,381)
(422,-119,382)
(418,-117,388)
(419,-104,375)
(416,-110,377)
(420,-96,373)
(422,-92,368)
(425,-89,377)
(427,-79,369)
(427,-79,365)
(428,-66,364)
(436,-61,355)
(430,-59,362)
(441,-54,350)
(439,-41,348)
(438,-47,349)
(436,-42,338)
(442,-36,342)
(446,-34,337)
(445,-28,323)
(439,-21,315)
(442,-10,320)
(444,-12,306)
(446,-5,314)
(452,-7,301)
(452,0,301)
(448,-4,305)
(450,7,286)
(454,11,281)
(455,22,278)
(456,12,274)
(457,16,268)
(467,25,262)
(450,42,257)
(461,39,244)
(453,36,235)
(456,48,238)
(474,44,229)
(459,55,223)
(466,59,206)
(467,53,211)
(469,61,194)
(458,62,204)
(464,72,190)
(456,93,182)
(466,84,175)
(465,80,159)
(466,100,146)
(460,105,161)
(458,112,151)
(462,122,144)
(459,113,144)
(456,120,130)
(452,132,115)
(458,136,114)
(469,131,106)
(456,141,101)
(452,141,99)
(445,149,102)
(455,159,85)
(440,157,80)
(438,166,89)
(457,177,71)
(450,167,63)
(435,188,66)
(437,185,50)
(436,194,43)
(437,202,38)
(438,205,41)
(433,196,37)
(427,216,35)
(431,210,27)
(434,212,23)
(419,221,19)
(432,226,13)
(423,233,-12)
(411,219,-2)
(412,237,-4)
(410,240,-12)
(398,239,-10)
(409,247,-13)
(411,242,-19)
(404,253,-22)
(392,257,-34)
(387,257,-32)
(400,262,-40)
(390,260,-38)
(397,273,-44)
(397,272,-44)
(388,278,-60)
(386,273,-68)
(380,275,-68)
(374,285,-63)
(378,286,-70)
(375,286,-80)
(368,299,-80)
(363,293,-93)
(357,300,-90)
(362,298,-92)
(361,299,-85)
(363,312,-95)
(365,308,-100)
(351,309,-98)
(348,302,-105)
(358,303,-101)
(358,311,-102)
(345,314,-111)
(347,305,-111)
(338,314,-97)
(346,316,-110)
(349,312,-110)
(341,312,-114)
(339,316,-117)
(349,308,-119)
(349,314,-119)
(353,312,-116)
(350,312,-120)
(346,318,-124)
(351,320,-122)
(356,310,-125)
(349,310,-110)
(349,311,-120)
(353,316,-120)
(340,317,-122)
(350,318,-126)
(354,310,-114)
(347,310,-122)
(347,308,-127)
(352,312,-120)
(358,309,-115)
(350,311,-126)
(355,314,-131)
(355,300,-119)
(347,313,-138)
(350,305,-117)
(360,313,-125)
(349,298,-116)
(354,319,-118)
(358,311,-120)
(354,322,-121)
(356,310,-126)
(356,327,-126)
(348,312,-125)
(355,314,-117)
(348,307,-124)
(351,308,-117)
(350,314,-119)
(361,315,-121)
(348,311,-122)
(356,301,-127)
(350,306,-121)
(354,312,-124)
