(382,303,-216)
(397,296,-213)
(396,299,-208)
(393,299,-211)
(393,296,-207)
(392,295,-209)
(404,299,-210)
(400,293,-207)
(398,286,-209)
(397,295,-211)
(396,294,-211)
(391,293,-213)
(402,296,-210)
(389,295,-206)
(404,297,-207)
(393,301,-210)
(394,292,-201)
(395,289,-208)
(404,300,-216)
(406,298,-216)
(402,292,-215)
(394,295,-213)
(393,291,-211)
(394,294,-213)
(406,295,-211)
(394,298,-206)
(385,300,-209)
(399,292,-206)
(400,290,-220)
(404,287,-211)
(403,293,-214)
(399,295,-220)
(406,295,-200)
(406,290,-214)
(409,291,-217)
(396,286,-211)
(404,284,-212)
(407,287,-209)
(410,283,-215)
(397,280,-217)
(408,280,-210)
(412,275,-213)
(400,279,-212)
(415,282,-216)
(416,271,-210)
(419,275,-212)
(418,264,-198)
(412,266,-203)
(410,272,-212)
(421,252,-197)
(419,258,-203)
(425,260,-208)
(426,258,-186)
(422,259,-194)
(421,254,-197)
(425,246,-198)
(443,247,-180)
(422,234,-188)
(429,244,-179)
(436,243,-179)
(441,241,-168)
(430,231,-174)
(445,235,-168)
(439,233,-160)
(443,227,-156)
(444,222,-155)
(462,236,-155)
(445,217,-149)
(453,222,-147)
(460,226,-140)
(454,226,-138)
(455,210,-128)
(457,213,-125)
(463,213,-125)
(474,215,-113)
(456,198,-116)
(464,208,-114)
(464,203,-98)
(460,196,-100)
(465,192,-94)
(473,187,-96)
(472,185,-80)
(476,187,-84)
(474,185,-68)
(481,184,-76)
(474,177,-68)
(478,176,-52)
(475,171,-52)
(485,157,-50)
(478,167,-50)
(498,159,-42)
(481,154,-29)
(485,161,-28)
(490,144,-24)
(481,141,-26)
(489,141,-20)
(490,132,-18)
(496,140,6)
(483,129,-5)
(494,123,3)
(493,120,2)
(497,116,16)
(492,117,24)
(493,114,17)
(502,119,28)
(501,116,29)
(493,117,36)
(502,103,43)
(499,91,39)
(489,94,55)
(496,93,55)
(496,87,61)
(495,83,67)
(500,69,73)
(496,79,78)
(500,74,89)
(492,75,86)
(493,56,97)
(501,40,101)
(494,59,110)
(496,48,114)
(490,47,115)
(493,42,122)
(496,47,123)
(494,27,130)
(482,27,145)
(486,26,138)
(492,23,144)
(488,18,152)
(491,22,150)
(488,10,166)
(495,6,168)
(479,0,168)
(481,-5,173)
(478,-6,184)
(487,-13,182)
(484,-13,187)
(480,-22,188)
(479,-24,200)
(481,-28,204)
(479,-24,211)
(479,-34,216)
(472,-45,219)
(466,-47,223)
(475,-48,234)
(470,-58,238)
(466,-64,235)
(469,-64,245)
(462,-74,244)
(460,-72,255)
(463,-77,261)
(461,-91,273)
(455,-91,271)
(460,-94,275)
(452,-91,275)
(452,-110,290)
(452,-114,297)
(441,-116,291)
(448,-121,301)
(441,-119,303)
(441,-128,314)
(437,-132,313)
(443,-146,319)
(439,-145,326)
(424,-152,334)
(433,-158,341)
(423,-158,339)
(415,-163,336)
(419,-165,342)
(415,-171,349)
(405,-171,361)
(409,-187,360)
(412,-185,350)
(405,-193,369)
(404,-190,368)
(405,-200,368)
(394,-193,371)
(396,-202,379)
(398,-210,370)
(383,-208,385)
(392,-206,385)
(389,-213,386)
(390,-226,394)
(383,-219,391)
(391,-219,388)
(380,-229,395)
(391,-237,399)
(381,-224,397)
(380,-234,399)
(378,-240,405)
(367,-234,395)
(375,-239,404)
(375,-240,390)
(374,-236,408)
(364,-242,402)
(371,-236,412)
(369,-238,404)
(373,-248,414)
(371,-244,414)
(372,-248,416)
(361,-247,416)
(364,-250,417)
(356,-251,409)
(365,-251,413)
(359,-253,420)
(368,-247,410)
(378,-255,406)
(363,-245,413)
(360,-256,405)
(365,-246,418)
(364,-252,405)
(371,-248,408)
(365,-253,411)
(366,-245,410)
(368,-238,416)
(378,-253,419)
(376,-242,412)
(372,-233,411)
(369,-242,409)
(382,-234,408)
(376,-234,410)
(376,-228,404)
(386,-224,402)
(381,-208,413)
(377,-216,408)
(381,-216,408)
(391,-199,401)
(392,-207,410)
(381,-197,413)
(392,-200,407)
(391,-197,405)
(396,-190,400)
(390,-189,399)
(392,-179,403)
(399,-175,399)
(403,-173,402)
(400,-166,405)
(410,-175,400)
(403,-157,398)
(406,-148,390)
(410,-145,391)
(413,-128,384)
(410,-137,384)
(417,-125,376)
(415,-124,380)
(416,-114,378)
(418,-109,386)
(424,-102,368)
(419,-100,370)
(428,-94,373)
(425,-83,371)
(426,-80,361)
(425,-77,361)
(439,-56,368)
(426,-63,356)
(429,-57,348)
(431,-53,351)
(440,-48,357)
(433,-34,342)
(439,-35,344)
(445,-36,333)
(432,-32,331)
(445,-29,321)
(449,-20,320)
(440,-16,312)
(444,-8,324)
(441,-15,304)
(448,-8,305)
(451,-5,292)
(453,-4,301)
(460,1,291)
(457,10,279)
(463,13,277)
(461,19,264)
(453,12,266)
(455,31,253)
(457,26,253)
(457,33,244)
(458,47,241)
(466,38,225)
(464,54,226)
(473,45,215)
(470,59,209)
(457,61,203)
(470,68,201)
(466,76,193)
(457,80,189)
(469,87,179)
(462,80,169)
(459,90,166)
(461,106,157)
(462,108,150)
(467,116,143)
(462,109,144)
(456,129,140)
(459,124,134)
(462,135,130)
(449,121,126)
(464,131,116)
(456,149,107)
(454,148,111)
(458,151,88)
(446,155,86)
(455,164,82)
(448,165,83)
(449,175,75)
(441,177,66)
(448,188,61)
(442,204,61)
(442,189,44)
(443,185,47)
(439,197,41)
(424,201,37)
(427,209,33)
(430,209,27)
(419,212,21)
(422,215,10)
(421,218,10)
(419,226,9)
(411,228,4)
(411,236,-5)
(408,237,-17)
(405,241,-9)
(409,245,-20)
(396,247,-22)
(409,248,-27)
(401,253,-35)
(404,254,-41)
(387,263,-43)
(392,258,-41)
(396,266,-45)
(384,270,-51)
(389,280,-52)
(384,280,-68)
(384,285,-69)
(377,280,-60)
(371,281,-69)
(366,290,-82)
(366,288,-82)
(365,292,-89)
(368,298,-80)
(367,294,-91)
(360,299,-104)
(361,304,-98)
(356,299,-102)
(361,308,-99)
(357,315,-100)
(352,306,-99)
(353,312,-107)
(342,310,-101)
(350,304,-100)
(350,312,-113)
(345,313,-109)
(347,310,-114)
(344,310,-110)
(355,311,-117)
(361,313,-113)
(350,318,-114)
(343,307,-118)
(351,315,-122)
(350,322,-119)
(347,310,-120)
(351,310,-121)
(357,309,-133)
(349,315,-133)
(348,311,-131)
(355,304,-119)
(352,309,-129)
(347,313,-121)
(352,306,-124)
(354,313,-132)
(352,316,-124)
(347,305,-117)
(351,310,-128)
(354,306,-130)
(350,308,-118)
(351,308,-121)
(350,307,-119)
(348,312,-125)
(351,318,-132)
(350,306,-123)
(350,310,-114)
(355,315,-124)
(354,306,-116)
(354,313,-125)
(358,312,-127)
(351,306,-123)
(356,303,-122)
(350,309,-126)
(359,307,-121)
(337,305,-119)
(357,310,-107)
(353,325,-122)
(359,313,-130)
(352,313,-121)
