(33,-621,-157)
(33,-621,-157)
(34,-621,-157)
(34,-621,-157)
(34,-621,-157)
(34,-621,-157)
(34,-621,-157)
(34,-621,-157)
(34,-621,-157)
(35,-621,-157)
(35,-621,-157)
(36,-621,-157)
(36,-621,-157)
(37,-621,-157)
(37,-621,-157)
(38,-621,-157)
(38,-621,-157)
(39,-621,-157)
(40,-621,-157)
(42,-621,-157)
(43,-620,-157)
(43,-620,-157)
(45,-620,-157)
(46,-620,-157)
(48,-620,-157)
(49,-620,-157)
(51,-620,-157)
(53,-620,-157)
(54,-619,-157)
(57,-619,-157)
(59,-619,-157)
(61,-619,-157)
(64,-618,-157)
(65,-618,-157)
(68,-618,-157)
(71,-617,-157)
(74,-617,-157)
(76,-617,-157)
(80,-616,-157)
(82,-616,-157)
(86,-615,-157)
(89,-615,-157)
(92,-614,-157)
(96,-613,-157)
(100,-612,-157)
(103,-612,-157)
(107,-611,-157)
(111,-610,-157)
(115,-609,-157)
(119,-608,-157)
(123,-607,-157)
(127,-606,-157)
(131,-604,-157)
(136,-603,-157)
(140,-602,-157)
(145,-600,-157)
(149,-599,-157)
(158,-596,-157)
(163,-594,-157)
(168,-592,-157)
(173,-590,-157)
(178,-588,-157)
(182,-586,-157)
(187,-584,-157)
(192,-581,-157)
(197,-579,-157)
(202,-577,-158)
(207,-574,-158)
(212,-572,-158)
(218,-569,-158)
(223,-566,-158)
(228,-563,-158)
(233,-560,-158)
(238,-557,-158)
(243,-554,-158)
(248,-550,-158)
(253,-547,-158)
(258,-543,-158)
(263,-540,-158)
(268,-536,-158)
(273,-532,-158)
(278,-529,-158)
(283,-525,-159)
(289,-521,-159)
(293,-516,-159)
(298,-512,-159)
(303,-508,-159)
(308,-503,-159)
(313,-499,-159)
(317,-494,-159)
(322,-489,-159)
(327,-485,-159)
(332,-480,-160)
(336,-475,-160)
(341,-470,-160)
(345,-465,-160)
(349,-459,-160)
(354,-454,-160)
(359,-449,-160)
(363,-443,-160)
(367,-438,-161)
(371,-432,-161)
(375,-427,-161)
(379,-421,-161)
(383,-415,-161)
(387,-409,-161)
(394,-397,-162)
(398,-391,-162)
(402,-385,-162)
(405,-379,-162)
(409,-372,-162)
(412,-366,-163)
(415,-360,-163)
(418,-354,-163)
(421,-347,-163)
(424,-341,-163)
(427,-335,-164)
(430,-328,-164)
(432,-321,-164)
(435,-315,-164)
(437,-308,-165)
(440,-302,-165)
(442,-295,-165)
(445,-288,-165)
(447,-282,-165)
(449,-275,-166)
(451,-268,-166)
(453,-261,-166)
(455,-255,-166)
(457,-248,-167)
(458,-241,-167)
(460,-234,-167)
(461,-227,-167)
(463,-220,-168)
(463,-213,-168)
(465,-206,-168)
(466,-199,-169)
(467,-192,-169)
(468,-186,-169)
(469,-179,-169)
(469,-172,-170)
(470,-165,-170)
(471,-158,-170)
(471,-151,-171)
(472,-144,-171)
(472,-137,-171)
(472,-130,-172)
(472,-123,-172)
(472,-116,-172)
(472,-109,-173)
(472,-102,-173)
(472,-96,-173)
(471,-89,-174)
(470,-75,-174)
(469,-68,-175)
(469,-62,-175)
(469,-55,-176)
(468,-48,-176)
(466,-42,-176)
(465,-36,-177)
(464,-29,-177)
(463,-23,-177)
(462,-17,-178)
(460,-11,-178)
(459,-5,-178)
(458,0,-179)
(456,5,-179)
(454,11,-180)
(452,17,-180)
(451,23,-180)
(449,28,-181)
(447,34,-181)
(445,39,-182)
(443,44,-182)
(441,50,-182)
(439,55,-183)
(436,60,-183)
(435,65,-184)
(432,70,-184)
(430,74,-184)
(427,79,-185)
(425,84,-185)
(423,88,-186)
(420,93,-186)
(418,97,-186)
(415,102,-187)
(413,106,-187)
(409,110,-188)
(407,115,-188)
(404,119,-189)
(402,123,-189)
(398,127,-189)
(396,130,-190)
(392,134,-190)
(390,138,-191)
(387,141,-191)
(384,145,-191)
(381,148,-192)
(378,152,-192)
(375,155,-193)
(372,158,-193)
(369,161,-194)
(366,164,-194)
(363,167,-194)
(360,170,-195)
(357,172,-195)
(354,175,-196)
(350,178,-196)
(348,180,-196)
(344,183,-197)
(341,185,-197)
(338,187,-198)
(335,189,-198)
(332,191,-198)
(329,193,-199)
(326,195,-199)
(322,197,-200)
(320,199,-200)
(316,200,-200)
(314,202,-201)
(310,203,-201)
(308,205,-202)
(305,206,-202)
(302,207,-202)
(299,209,-203)
(296,210,-203)
(294,211,-203)
(290,212,-204)
(288,213,-204)
(285,214,-204)
(282,215,-205)
(279,216,-205)
(277,217,-205)
(273,218,-206)
(271,219,-206)
(268,220,-206)
(266,220,-207)
(263,221,-207)
(261,222,-207)
(258,223,-208)
(256,223,-208)
(253,224,-208)
(250,224,-208)
(248,225,-209)
(245,225,-209)
(243,226,-209)
(240,226,-209)
(239,227,-210)
(236,227,-210)
(234,227,-210)
(232,228,-210)
(229,228,-211)
(228,228,-211)
(225,229,-211)
(223,229,-211)
(222,229,-212)
(220,229,-212)
(218,229,-212)
(216,230,-212)
(214,230,-212)
(213,230,-212)
(212,230,-213)
(210,230,-213)
(208,230,-213)
(207,230,-213)
(206,230,-213)
(205,230,-213)
(204,230,-213)
(203,230,-213)
(202,230,-214)
(201,230,-214)
(201,230,-214)
(200,231,-214)
(200,231,-214)
(199,231,-214)
(199,231,-214)
(199,231,-214)
(199,231,-214)
(199,231,-214)
(199,231,-214)
(199,231,-214)
(199,231,-214)
(199,231,-214)
(200,231,-214)
(200,231,-214)
(201,230,-214)
(201,230,-214)
(201,230,-214)
(202,230,-214)
(203,230,-213)
(203,230,-213)
(204,230,-213)
(205,230,-213)
(207,230,-213)
(208,230,-213)
(209,230,-213)
(211,230,-213)
(212,230,-213)
(213,230,-212)
(215,230,-212)
(217,230,-212)
(218,229,-212)
(219,229,-212)
(222,229,-212)
(223,229,-211)
(225,229,-211)
(227,228,-211)
(229,228,-211)
(231,228,-210)
(234,228,-210)
(235,227,-210)
(238,227,-210)
(240,226,-209)
(243,226,-209)
(245,225,-209)
(248,225,-209)
(250,224,-208)
(253,224,-208)
(256,223,-208)
(259,222,-207)
(261,222,-207)
(265,221,-207)
(267,220,-206)
(273,218,-206)
(277,217,-205)
(280,216,-205)
(283,215,-205)
(287,214,-204)
(290,212,-204)
(294,211,-203)
(297,210,-203)
(300,208,-202)
(304,207,-202)
(307,205,-202)
(310,203,-201)
(315,201,-201)
(318,200,-200)
(321,198,-200)
(325,196,-199)
(329,194,-199)
(333,191,-198)
(337,189,-198)
(340,187,-197)
(344,184,-197)
(348,182,-196)
(351,179,-196)
(359,174,-195)
(363,171,-194)
(366,168,-194)
(370,166,-193)
(373,163,-193)
(376,160,-192)
(380,157,-192)
(383,154,-191)
(387,150,-191)
(390,147,-190)
(393,144,-189)
(397,140,-189)
(400,137,-188)
(403,133,-188)
(407,130,-187)
(410,126,-187)
(413,122,-186)
(416,119,-186)
(419,115,-185)
(422,111,-185)
(425,107,-184)
(428,104,-184)
(431,100,-183)
(433,96,-183)
(436,92,-182)
(439,88,-182)
(442,84,-181)
(444,80,-181)
(447,75,-180)
(449,71,-180)
(452,67,-179)
(453,63,-179)
(456,59,-179)
(458,54,-178)
(460,50,-178)
(463,46,-177)
(464,41,-177)
(467,37,-176)
(469,33,-176)
(470,28,-175)
(472,24,-175)
(474,19,-175)
(476,15,-174)
(478,10,-174)
(479,6,-173)
(480,1,-173)
(482,-3,-172)
(484,-7,-172)
(485,-12,-172)
(486,-17,-171)
(488,-21,-171)
(489,-26,-170)
(491,-31,-170)
(491,-36,-170)
(493,-40,-169)
(494,-45,-169)
(495,-50,-169)
(496,-55,-168)
(496,-59,-168)
(497,-64,-168)
(498,-69,-167)
(499,-74,-167)
(500,-78,-167)
(500,-83,-166)
(501,-88,-166)
(502,-92,-166)
(502,-97,-165)
(502,-102,-165)
(502,-106,-165)
(502,-111,-164)
(503,-120,-164)
(503,-125,-164)
(503,-129,-163)
(503,-134,-163)
(503,-138,-163)
(503,-143,-163)
(503,-147,-162)
(503,-152,-162)
(503,-156,-162)
(502,-161,-162)
(502,-165,-161)
(502,-169,-161)
(502,-173,-161)
(502,-177,-161)
(501,-182,-161)
(501,-186,-161)
(500,-189,-160)
(500,-193,-160)
(499,-197,-160)
(498,-201,-160)
(498,-205,-160)
(497,-208,-160)
(496,-212,-159)
(496,-216,-159)
(496,-219,-159)
(495,-223,-159)
(494,-227,-159)
(493,-230,-159)
(492,-234,-159)
(491,-238,-159)
(491,-242,-158)
(489,-247,-158)
(488,-250,-158)
(487,-254,-158)
(485,-259,-158)
(485,-263,-158)
(483,-267,-158)
(481,-271,-158)
(480,-276,-158)
(478,-281,-158)
(476,-285,-157)
(474,-290,-157)
(473,-295,-157)
(471,-300,-157)
(469,-304,-157)
(467,-309,-157)
(464,-314,-157)
(462,-319,-157)
(459,-324,-157)
(458,-329,-157)
(455,-334,-157)
(452,-339,-157)
(449,-344,-157)
(447,-349,-157)
(443,-354,-157)
(441,-359,-157)
(437,-364,-157)
(435,-369,-157)
(432,-373,-157)
(430,-377,-157)
(427,-380,-157)
(425,-383,-157)
(424,-385,-157)
(422,-388,-157)
(421,-390,-157)
(420,-392,-157)
(419,-393,-157)
(418,-395,-157)
(416,-397,-157)
(415,-398,-157)
(414,-400,-157)
(413,-401,-157)
(412,-403,-157)
(410,-405,-157)
(409,-407,-157)
(407,-410,-157)
(405,-412,-157)
(403,-414,-157)
(402,-417,-157)
(400,-419,-157)
(398,-422,-157)
(396,-425,-157)
(393,-428,-157)
(391,-431,-157)
(388,-434,-157)
(386,-437,-157)
(382,-440,-157)
(380,-444,-157)
(376,-447,-157)
(374,-451,-157)
(371,-454,-157)
(367,-458,-157)
(364,-461,-157)
(360,-465,-157)
(357,-468,-157)
(354,-472,-157)
(350,-476,-157)
(347,-479,-157)
(343,-483,-157)
(339,-486,-157)
(335,-490,-157)
(332,-493,-157)
(327,-497,-157)
(324,-500,-157)
(320,-504,-157)
(316,-507,-157)
(311,-510,-157)
(307,-514,-157)
(303,-517,-157)
(299,-520,-157)
(294,-524,-157)
(290,-527,-157)
(286,-530,-157)
(282,-533,-157)
(278,-536,-157)
(273,-539,-157)
(269,-542,-157)
(265,-545,-157)
(261,-548,-157)
(256,-550,-157)
(252,-553,-157)
(247,-555,-157)
(244,-558,-157)
(239,-560,-157)
(234,-563,-157)
(226,-567,-157)
(222,-570,-157)
(218,-572,-157)
(214,-574,-157)
(210,-576,-157)
(206,-578,-157)
(202,-579,-157)
(198,-581,-157)
(195,-583,-157)
(190,-584,-157)
(187,-586,-157)
(183,-588,-157)
(179,-589,-157)
(176,-590,-157)
(173,-592,-157)
(169,-593,-157)
(166,-594,-157)
(163,-596,-157)
(159,-597,-157)
(156,-598,-157)
(152,-599,-157)
(149,-600,-157)
(146,-601,-157)
(143,-602,-157)
(140,-603,-157)
(136,-604,-157)
(134,-605,-157)
(131,-605,-157)
(128,-606,-157)
(125,-607,-157)
(122,-608,-157)
(119,-608,-157)
(117,-609,-157)
(114,-610,-157)
(111,-610,-157)
(108,-611,-157)
(106,-611,-157)
(103,-612,-157)
(101,-612,-157)
(99,-613,-157)
(97,-613,-157)
(94,-614,-157)
(92,-614,-157)
(90,-615,-157)
(87,-615,-157)
(85,-615,-157)
(83,-616,-157)
(81,-616,-157)
(79,-616,-157)
(77,-617,-157)
(75,-617,-157)
(73,-617,-157)
(71,-618,-157)
(70,-618,-157)
(68,-618,-157)
(67,-618,-157)
(65,-618,-157)
(64,-618,-157)
(63,-619,-157)
(61,-619,-157)
(60,-619,-157)
(59,-619,-157)
(58,-619,-157)
(57,-619,-157)
(56,-619,-157)
(55,-619,-157)
(54,-619,-157)
(54,-620,-157)
(54,-620,-157)
(53,-620,-157)
(53,-620,-157)
(52,-620,-157)
(52,-620,-157)
(51,-620,-157)
(51,-620,-157)
(51,-620,-157)
(50,-620,-157)
(50,-620,-157)
(50,-620,-157)
(50,-620,-157)
(49,-620,-157)
(49,-620,-157)
(49,-620,-157)
(50,-620,-157)
(50,-620,-157)
(50,-620,-157)
(50,-620,-157)
(50,-620,-157)
(50,-620,-157)
(50,-620,-157)
(50,-620,-157)
(50,-620,-157)
