(160.1482519583082,-520.4091489876612,-321.0828590714514)
(163.26645669459705,-519.8681447405712,-321.91316687830755)
(162.2611266234066,-519.9292889427778,-321.21507847472236)
(162.69796319311396,-518.2617382508539,-320.86931444920737)
(165.0035783935899,-519.6462883814843,-319.6452471529436)
(165.3981339088842,-519.4982608993117,-320.2164470107821)
(165.99940279967157,-517.6982390340008,-318.1829631635328)
(164.53230252322305,-516.2065708253298,-320.3553456247323)
(166.56470154644083,-517.5176814316333,-321.172034711494)
(166.87473083604394,-517.6591548471462,-322.57304335891143)
(166.53129180944677,-517.8606803022246,-319.743642388149)
(167.3688707513501,-516.2827130338595,-319.59667181619113)
(167.3849606240189,-519.3194875100211,-319.7110523099553)
(166.67811950073985,-518.4869723420364,-320.62619503822674)
(169.33530777557496,-517.3843701479495,-319.3128976406799)
(167.05743077503453,-517.4586462207808,-320.7466261339167)
(167.27885796937957,-517.3643474906731,-319.08393431063917)
(170.95402252509882,-518.1721822405782,-319.21374604742834)
(170.14817039523896,-516.2104091498409,-319.4329043837189)
(170.91860259801882,-516.1000093788371,-320.30104251186873)
(170.9963748977393,-516.4961104645512,-321.83488066199226)
(172.71442308493573,-517.1935518857749,-319.68665469872946)
(173.62385891802785,-516.615751120202,-321.90939501520563)
(175.59401065649647,-515.7031408807666,-320.7854659473265)
(176.37542380591358,-511.99265133501353,-318.4813378008113)
(176.08574490983497,-514.0108658990343,-319.7149822306234)
(178.1929503770049,-511.93119656691397,-318.4410809916362)
(179.58804478679482,-515.1277271522152,-318.47968779658)
(180.72304997808519,-512.2216615820389,-318.644626829557)
(182.33786328991772,-512.1925508913234,-320.95228001136735)
(181.4971220967938,-512.1740505669131,-320.28363978183256)
(181.32144393171015,-510.3599906463427,-322.9136729996576)
(183.4673765098451,-511.12103853623745,-320.9739981963355)
(183.67450980521852,-511.07803797368473,-321.54720157711546)
(182.5364629962521,-509.4578114511052,-321.08209343057246)
(184.33282590658044,-511.7236461832544,-319.60704999678853)
(184.9887873176337,-509.4067172677154,-319.05514398822174)
(184.35749371857113,-509.30691088508013,-320.25135923703635)
(183.5296053846268,-509.8511768000858,-320.26716905923575)
(183.70148890852724,-511.02352584474613,-318.4053638646562)
(181.4265956147851,-513.2685883636722,-320.6875629346007)
(180.48241002938462,-512.9415512297761,-322.10774262063586)
(181.3956996944074,-512.0243088283147,-318.14096283747756)
(180.692427640948,-515.3687494692182,-321.23539827020596)
(178.49025584843443,-512.3818004168882,-318.9652430127571)
(175.99144175882356,-513.9075250297898,-321.86395527465356)
(176.56603225744564,-515.7329292036867,-319.83024112989295)
(173.1980409830338,-516.6568685341557,-319.3920489246273)
(170.72721295892867,-518.8282234195891,-320.18242642138324)
(169.91187256693547,-518.9391022740915,-319.50576383617437)
(165.52240630457922,-520.1647959388865,-320.02327606442043)
(163.24171856773927,-520.7226925989248,-320.97632267975945)
(159.66550244363427,-522.0967138965262,-319.6342810102697)
(156.94491707667783,-524.5396281800884,-319.9221164377917)
(153.42314919448145,-524.3826198152549,-320.5009902730785)
(151.0535608383421,-527.2784145660224,-320.790690486892)
(147.1737779037369,-528.1341230379768,-319.4652609723877)
(144.48449416396966,-530.2610840895525,-319.1875217892427)
(139.7042985910915,-532.7362663219992,-318.90252043678476)
(133.87467965820716,-533.1453155817035,-317.75889509321576)
(130.29905148848664,-534.3814733946933,-316.56148567161796)
(124.62582833732553,-539.100449335833,-314.96821880048554)
(121.83200614234623,-539.4515307285616,-315.6785517849228)
(117.86301146911497,-539.7432613344794,-312.46630548044993)
(111.11759437133779,-544.2959230816249,-311.12863187082957)
(105.39171948793465,-545.1687662091699,-310.51735874748124)
(100.62828950795071,-547.7398238553468,-306.9057733882939)
(95.19018154800115,-550.7151012154201,-304.2725844311536)
(88.92671549975358,-553.2653231861833,-301.172741833789)
(87.13376969985525,-556.3064805661435,-298.8029938951529)
(80.28993700639492,-559.948120822858,-294.96835506127604)
(76.13103605429455,-564.7603534702064,-291.22544420862425)
(71.11786166506556,-564.1639146949087,-285.7538981934624)
(69.23100281878928,-566.934990362231,-281.08158627691876)
(64.15603003185554,-571.4040967232196,-276.7768182502217)
(59.56383835671167,-574.6052548206826,-271.3821914314943)
(54.03489254259378,-577.9796941338163,-264.15595076808046)
(53.293939816399764,-579.2521799330972,-257.77067844732716)
(49.0090032580942,-584.3225702086309,-248.978956185817)
(46.61179934839127,-587.4323174628207,-241.11896563825127)
(42.631836498835845,-589.6750970818498,-233.4377105812088)
(44.51220026463124,-592.9219114504242,-224.42742745289513)
(44.20199114661189,-595.6050403748715,-215.39814191261442)
(41.00642808803395,-597.6736316778305,-206.12864351585753)
(40.05750245575094,-601.7579262888378,-195.08950445908556)
(41.53531693318609,-602.0492190688154,-187.77487577279643)
(43.30298784126258,-604.451091876643,-177.0896865776797)
(42.96565169888538,-606.1506033442777,-166.8991604368419)
(41.27804605253542,-610.1510610144571,-156.88168828106)
(42.98714201426893,-610.3900254253208,-145.11945039515555)
(45.36299367350397,-612.2082156729915,-136.16039142062857)
(48.56040566539964,-613.2603961276432,-124.26946475396178)
(50.72447142184878,-614.3154887181861,-114.41795746586203)
(53.311109735081494,-615.4436428667411,-106.04545298552874)
(53.35242977401561,-617.0035706641103,-96.01216330121426)
(57.10967160082182,-615.9133531373578,-84.68359602702033)
(59.42737422036528,-614.7678491772349,-76.48727179052518)
(63.16003603122643,-617.7797211323436,-69.03919383731495)
(66.40537610325329,-614.6355941101651,-60.15516443575794)
(70.9379959941283,-615.8633834916584,-47.75721769744151)
(71.7610053246401,-611.2817747266753,-38.43179225897568)
(77.43886709707358,-611.1915075933408,-31.775678868699774)
(81.40466158987793,-611.8814900524243,-22.793796215028703)
(84.92387412270536,-609.7654975544325,-14.648326659928495)
(89.96656248914687,-608.0586683924244,-9.334844695049538)
(93.70163742245701,-607.7303491743338,-0.8477647667571787)
(98.45213762319268,-603.9710037001993,4.262542797322942)
(102.83934664286042,-604.3001019734625,8.537193197649026)
(107.8227947813698,-601.6736200440081,14.273999388451916)
(113.16341278929953,-598.5928567226159,20.55947067695891)
(117.41441464769377,-596.6193224707314,24.34533245695538)
(122.5072773371941,-593.734619667001,28.91690611823302)
(129.62338498152337,-590.3993313063598,32.07979658997089)
(133.2890329907076,-587.5356568861441,36.962363740620546)
(138.1400069475342,-585.8578400269633,38.3237390262823)
(144.8832161015477,-582.2732540094696,41.82073435310722)
(151.51770618932107,-581.4277284619914,42.9110384303176)
(155.61124396979193,-579.3940621379662,43.020404450488904)
(163.5904477359665,-574.4302480376256,43.46091981082122)
(166.3073494927521,-571.3207272614655,43.52773840716592)
(173.07204576236018,-570.6343098283045,42.47753945687278)
(180.1092103802972,-564.805106659885,42.065560799617394)
(185.71711296323548,-564.0498955692873,43.83407858895908)
(192.63553666019956,-559.5975910856242,42.93290728445237)
(199.18081266861157,-555.2608959395986,40.32896316668863)
(204.10945119097315,-552.8622811949159,39.737759243897635)
(211.87762151311566,-550.5312714103318,39.54221112425205)
(216.91491024397175,-544.2296765029469,36.360851473484985)
(221.47691992236867,-543.0824791124708,36.047611542847704)
(226.6220504946186,-539.7263516688686,32.86428272028245)
(232.11782455251694,-536.4617255580725,32.66585262672756)
(238.23683632898408,-533.039003839548,28.64240504952522)
(243.71091296303192,-528.6622965153722,26.198460245178428)
(249.20088513932484,-525.986510241582,23.108411688956895)
(254.80414786700578,-522.0089262917255,19.644510637690956)
(257.964802331118,-518.304263152595,16.1142387872908)
(264.0250499540827,-513.450081997161,12.021145809695822)
(269.2169910501729,-510.095404511254,7.51856187176526)
(272.9738075588204,-510.45575410188655,6.09788834434666)
(278.0381756163761,-501.67215759691743,1.3879119288009576)
(280.8788141347871,-500.57937670547494,-5.207590892795262)
(284.27559088367684,-492.84605335489874,-9.698957974242402)
(290.14500440814555,-490.3577854437203,-12.194517414033928)
(294.1719732663313,-488.8302296574411,-19.742180328159122)
(298.02785451605786,-485.9422524413075,-22.89075479750128)
(298.2854875105501,-480.64938437234474,-31.398116128644713)
(302.20734197093697,-478.335023782521,-34.9006316433173)
(302.215066666102,-475.59791830334456,-40.97876236813981)
(306.2634195945305,-474.94371765388405,-45.177855502978446)
(307.3731302784378,-470.9691068006814,-50.11673748376743)
(308.79686114202605,-468.88412033953017,-59.00711645211516)
(313.2721256968617,-462.9603645624162,-70.95375350593126)
(314.41959281750684,-460.5425746135239,-74.34696554845955)
(316.1246506305856,-458.00413827736105,-84.32316139497065)
(318.7609096017145,-454.99669579039994,-90.43959773995817)
(321.14203881861044,-452.90327695616253,-98.94634186443129)
(320.5852354153724,-450.88016253092087,-101.99794059315958)
(319.4213528459229,-448.4739492950177,-112.10410151799815)
(320.4349601788959,-445.61537656111096,-117.29810697680392)
(319.21373288653746,-446.2084282477836,-124.77581143328344)
(319.77649049728115,-444.4220306452474,-130.12226921391013)
(317.3862360942667,-442.52423620931603,-137.95917149348682)
(319.5493298154074,-442.02750807758594,-145.6816629280966)
(315.7155707039887,-440.86704818964347,-152.20322763336029)
(315.4484777702419,-438.6600187864017,-157.94636050101298)
(314.58770980140656,-435.6159258892561,-164.9679309992033)
(317.86295549191243,-437.4944474834381,-172.19802364424123)
(312.9345411754568,-436.5433303578067,-177.32722050592673)
(312.0884761424711,-436.6448249403882,-182.62189814764136)
(310.752147418495,-436.25682781607907,-189.9676524018336)
(307.6015200977612,-436.3083807490976,-194.7411154331417)
(304.49489921450737,-434.8444289998583,-203.38497922211104)
(304.77764679959165,-437.6156210423373,-207.55121883484688)
(300.3840342995222,-437.34724519859753,-213.897434429899)
(297.7472252339776,-439.5059915076061,-218.28423253565614)
(293.52572908274,-436.25523877060544,-223.91023631987943)
(292.08127385713186,-438.5535632062462,-232.85765790173113)
(288.5492208361025,-442.02944897378757,-236.2755530901793)
(284.8265482639855,-439.9505898086634,-238.52619670330742)
(281.6250922089434,-443.88521756438297,-243.6924657596711)
(275.6708407685139,-444.68005521132187,-247.0916230940307)
(275.118686700194,-447.64209773514693,-250.5335774827323)
(270.8024419716588,-447.83859013607156,-257.95277240788494)
(266.64617529281674,-452.0520357954361,-260.1421084636198)
(261.11856827238574,-451.75506109287267,-264.29672093528245)
(257.33664999055196,-456.90952170124837,-269.24698846209475)
(254.9195094019432,-460.5170506080213,-272.0437353456679)
(250.38746735404752,-462.98946069347403,-273.9157370925272)
(243.30724931847413,-464.08821813373345,-277.14588677523045)
(239.08097297117405,-468.27787983869166,-280.58839578240713)
(234.26116023047072,-470.8266806239734,-283.605805987521)
(229.2073886410081,-473.2480595170015,-284.0203776465149)
(225.09077458020775,-475.4822723108203,-286.29368273204176)
(219.1319290915843,-478.439717418569,-289.7758395684056)
(216.6241276116104,-480.8798140360519,-291.16633695457864)
(210.89651266940615,-483.0385919699086,-294.8790361740105)
(206.47523058817924,-486.84146119069345,-295.7271815756581)
(200.0208842448452,-490.80909486047,-298.3477824262062)
(195.36609722696355,-492.67228895419385,-299.99441812820055)
(189.48149870246257,-497.0101353578758,-300.40654684913886)
(179.76660345055828,-502.72389549742945,-303.49320577217213)
(175.40905886298646,-505.8640881016802,-304.70071378483743)
(169.37824677160611,-508.95641732837225,-306.05340207099226)
(168.507018949048,-509.0222407926635,-308.7898484018865)
(163.15113169346486,-512.7767706323996,-309.398476110235)
(158.53839886909358,-515.2888451223337,-309.2599121334113)
(154.9917444855929,-518.6832664268883,-310.29830470951975)
(150.2405989115994,-518.6860253489943,-313.9531889566034)
(144.99972973963963,-521.8023565769562,-313.1363534499227)
(139.59399814068368,-523.1393169768916,-314.8505415646976)
(136.28191502880856,-524.9544815021981,-316.72780547018334)
(131.45283757816182,-528.1284196882043,-317.91367433518803)
(130.5438145246227,-528.8425326586955,-316.339101007741)
(125.63249978549467,-531.6348813821484,-317.4429146380407)
(121.12493027197938,-531.6087388504875,-319.6025183724069)
(120.60371449676758,-532.9471455754355,-319.7870624546416)
(112.89653205773115,-533.0518777131819,-322.97436428453904)
(113.66710363530952,-534.8283478714807,-323.4626567598692)
(111.27719698350212,-536.9853351888048,-324.03633832978716)
(109.21175243944673,-538.9465086830128,-323.88455268560017)
(105.44555601039187,-538.6273743601795,-326.7912074951568)
(106.3726810955897,-538.4686584145805,-326.68882848417724)
(103.8630821379806,-539.6895092480863,-325.77130676854995)
(101.73485811862147,-540.0445201755438,-327.47994269037787)
(100.04860466307046,-542.3827158402361,-327.58772161616474)
(98.8600820516559,-542.3785428492797,-330.36995716089723)
(95.8481496748275,-541.9393863321379,-330.3764471298079)
(95.48428572031811,-544.5156618802955,-329.5661481792403)
(92.34517647514762,-542.1653237614184,-331.8053954113801)
(94.25904463373601,-544.9701931579124,-332.2905922502276)
(93.26890114738218,-544.7341958178735,-329.8754568874098)
(92.09998618954904,-545.9490766578053,-328.3488000867786)
(90.38784138248108,-546.4164948071935,-330.55415554616616)
(86.68799995419992,-544.1599457863473,-329.74719945418815)
(87.80480095665389,-546.8853912118597,-330.4622980670835)
(86.1845288615668,-547.0933585113992,-329.3710129025088)
(85.50464080585515,-548.701332400405,-329.77454127985715)
(87.4241969265135,-549.2634024969891,-329.7256958472429)
(84.53418036064983,-551.2951632492557,-331.4312311194757)
(84.02522095501716,-549.3220992128686,-329.81707706620193)
(82.28757547763242,-550.6680495621094,-330.41226694673566)
(83.05443568774768,-550.7766466585684,-329.1331055177637)
(80.46391559758582,-554.124354750876,-327.15309791406577)
(82.73578679150206,-551.9387099074471,-329.09618131631436)
(83.21139128442975,-552.9257470420728,-329.2335200255135)
(82.8218118479698,-554.3807472871229,-328.42751823812165)
(81.47080697110529,-550.9814662060197,-328.4200352845622)
(82.41903101124886,-549.9123318054476,-327.46362209146577)
(81.35312265639509,-553.1168848050548,-327.5115865005827)
(81.83621641168014,-552.6087272117885,-326.4901967847876)
(84.34521566161548,-554.5626765066346,-325.66345440108904)
(82.37976283421598,-553.5716779224967,-325.30511170371335)
(82.63372363341792,-554.0371443620688,-326.1451358007441)
(85.47227685136139,-552.7107101925571,-325.527696402195)
(86.29117623022015,-551.3782770550407,-324.67088045201825)
(86.14768575422329,-553.6735943597068,-323.09875821764604)
(87.93232839756891,-555.2205351604671,-322.6182175650823)
(89.36201294082942,-556.2457077108837,-321.4692560444572)
(88.51641354665689,-555.7039390724809,-321.99890446992094)
(88.84672231152743,-553.6658817767774,-320.3946123127904)
(91.01877085368841,-554.2476345394332,-319.474743484331)
(94.61869089616782,-556.2539921823853,-317.96859689981534)
(92.66626986611541,-554.5254979410696,-318.77462909455835)
(91.23192543114583,-555.5041762355538,-315.4859641185786)
(93.56032218846893,-554.988180189139,-316.27844180168114)
(95.52934273026563,-553.9917235446134,-315.4842823694298)
(98.28010192553705,-553.8536992537976,-314.98489278477103)
(97.0924856755207,-555.548335519559,-313.33170328988047)
(96.3837565481215,-555.9283358158693,-314.08167799154256)
(98.12217354926169,-555.0683739595021,-312.21593799329105)
(100.0074229160185,-555.4210685859102,-314.2625964657489)
(102.39622972421729,-553.397048408311,-311.26119949523627)
(103.66704948263755,-555.6235248851451,-311.0526920535408)
(104.2789266617102,-553.1427544038096,-309.61330969382436)
(104.24305164797242,-555.0055294401399,-309.3240476214534)
(104.81144121361164,-552.340840743534,-308.4882897905937)
(106.74784990296865,-552.1066051335356,-307.2318934990759)
(105.87232242894119,-554.2414011092688,-306.42998740535353)
(108.61226087624588,-554.1815370033996,-306.7105446085383)
(109.24881704235982,-554.1024136237936,-304.2219290690256)
(108.5520086369531,-554.9666518728648,-303.84989778810734)
