(81,572,-165)
(75,560,-169)
(76,562,-169)
(74,557,-151)
(74,563,-159)
(74,566,-165)
(72,564,-163)
(72,558,-162)
(68,566,-166)
(76,567,-169)
(81,562,-158)
(77,567,-155)
(71,566,-154)
(79,565,-162)
(72,562,-157)
(64,573,-155)
(75,571,-156)
(74,574,-154)
(78,565,-158)
(76,571,-146)
(66,567,-154)
(71,569,-151)
(62,567,-154)
(67,577,-147)
(65,572,-150)
(62,566,-151)
(50,558,-151)
(57,570,-146)
(42,567,-146)
(41,572,-134)
(37,574,-146)
(37,576,-137)
(29,570,-135)
(28,571,-131)
(27,572,-129)
(24,561,-131)
(17,560,-122)
(9,560,-125)
(11,554,-123)
(1,565,-118)
(6,556,-111)
(1,559,-118)
(-2,559,-112)
(0,554,-102)
(-11,556,-102)
(-1,550,-96)
(-28,557,-94)
(-12,546,-96)
(-19,558,-85)
(-22,545,-87)
(-33,541,-81)
(-33,541,-74)
(-35,543,-69)
(-34,535,-73)
(-43,547,-69)
(-42,541,-68)
(-48,534,-53)
(-56,543,-48)
(-54,529,-49)
(-46,532,-52)
(-63,522,-43)
(-63,519,-41)
(-59,529,-46)
(-61,525,-35)
(-59,528,-33)
(-58,523,-35)
(-78,526,-26)
(-65,517,-19)
(-68,513,-13)
(-74,518,-16)
(-73,516,-11)
(-76,517,5)
(-79,507,0)
(-78,513,-8)
(-75,515,1)
(-81,514,9)
(-74,513,14)
(-80,502,21)
(-76,507,27)
(-75,512,28)
(-84,509,31)
(-74,511,45)
(-80,508,51)
(-83,516,63)
(-77,515,66)
(-79,507,75)
(-78,503,64)
(-81,507,83)
(-90,511,85)
(-71,509,89)
(-83,509,99)
(-82,501,109)
(-80,504,108)
(-79,506,112)
(-83,507,114)
(-80,497,132)
(-82,503,136)
(-69,501,148)
(-84,503,144)
(-75,500,157)
(-73,496,171)
(-65,501,175)
(-70,500,176)
(-72,488,191)
(-69,489,196)
(-72,493,203)
(-62,481,199)
(-54,486,212)
(-58,483,219)
(-63,481,228)
(-56,489,235)
(-49,495,228)
(-59,485,241)
(-40,493,246)
(-29,486,256)
(-52,479,263)
(-35,483,261)
(-33,482,262)
(-29,479,281)
(-14,480,284)
(-15,484,287)
(-12,474,286)
(-12,478,292)
(6,472,297)
(-2,479,303)
(-2,479,299)
(12,477,309)
(16,476,311)
(16,473,313)
(17,472,317)
(20,469,316)
(46,477,325)
(52,484,337)
(45,477,336)
(47,471,328)
(58,468,327)
(63,476,344)
(75,477,346)
(84,470,341)
(80,480,343)
(89,466,341)
(82,463,351)
(98,466,354)
(104,457,353)
(111,468,353)
(107,463,354)
(113,461,355)
(124,467,351)
(125,469,348)
(133,468,354)
(140,466,354)
(147,460,354)
(147,456,353)
(150,456,360)
(155,455,349)
(167,461,362)
(177,465,363)
(173,457,363)
(188,455,365)
(194,455,364)
(194,453,359)
(202,444,359)
(205,446,359)
(204,441,359)
(201,438,365)
(211,453,357)
(217,443,361)
(223,451,365)
(224,441,365)
(228,438,359)
(230,433,366)
(236,441,364)
(229,441,361)
(255,443,352)
(244,430,355)
(248,437,363)
(252,433,346)
(254,433,350)
(259,451,341)
(265,445,336)
(266,432,340)
(263,435,340)
(271,447,344)
(279,437,337)
(279,438,333)
(285,437,318)
(286,430,320)
(289,438,311)
(303,439,314)
(305,431,300)
(302,433,304)
(311,443,311)
(311,434,302)
(309,440,299)
(324,438,284)
(328,448,286)
(325,446,275)
(340,453,276)
(335,446,269)
(344,444,268)
(343,440,255)
(348,432,252)
(347,443,247)
(345,447,243)
(358,444,246)
(355,441,235)
(365,436,225)
(361,447,210)
(378,447,202)
(362,443,213)
(372,447,194)
(380,449,196)
(371,446,182)
(377,446,176)
(384,449,169)
(380,455,170)
(371,453,157)
(376,458,152)
(384,444,146)
(388,461,139)
(388,457,127)
(384,464,121)
(385,475,103)
(395,471,101)
(385,469,99)
(385,466,91)
(389,470,83)
(385,473,72)
(381,471,59)
(387,477,50)
(383,474,35)
(386,476,30)
(377,472,29)
(389,471,25)
(376,481,5)
(376,484,-4)
(367,483,-5)
(363,490,-14)
(366,493,-22)
(358,483,-41)
(360,491,-33)
(363,479,-48)
(358,498,-56)
(355,483,-64)
(344,492,-67)
(348,491,-72)
(344,489,-82)
(349,498,-97)
(340,495,-98)
(338,501,-96)
(335,497,-104)
(329,503,-106)
(333,511,-124)
(319,495,-121)
(305,502,-125)
(307,498,-131)
(308,503,-144)
(299,498,-142)
(302,500,-143)
(291,507,-152)
(289,517,-152)
(273,503,-156)
(280,510,-158)
(264,503,-168)
(262,512,-167)
(261,500,-170)
(259,509,-170)
(254,519,-173)
(243,506,-183)
(234,504,-189)
(232,509,-188)
(230,505,-190)
(222,500,-198)
(219,510,-198)
(215,500,-195)
(207,516,-204)
(199,505,-191)
(198,503,-208)
(207,506,-213)
(187,504,-209)
(175,511,-210)
(169,500,-205)
(167,500,-210)
(160,504,-212)
(153,502,-207)
(145,503,-211)
(150,506,-216)
(139,500,-211)
(137,502,-211)
(133,499,-219)
(136,500,-215)
(125,498,-215)
(122,491,-217)
(110,501,-215)
(110,497,-212)
(104,488,-215)
(112,489,-212)
(110,488,-206)
(102,484,-210)
(102,487,-200)
(95,488,-211)
(93,486,-214)
(93,481,-198)
(88,477,-200)
(86,473,-197)
(84,471,-201)
(85,476,-198)
(72,474,-201)
(73,473,-207)
(80,464,-201)
(79,473,-210)
(64,483,-201)
(74,475,-200)
(67,481,-191)
(64,476,-200)
(64,468,-197)
(71,474,-206)
(58,461,-185)
(57,473,-192)
(62,476,-197)
(60,466,-199)
(65,454,-188)
(61,466,-195)
(59,459,-187)
(60,462,-194)
(51,469,-185)
(56,473,-189)
(53,463,-185)
(46,461,-192)
(57,463,-190)
(54,454,-203)
(59,460,-184)
(43,467,-190)
(57,461,-197)
(52,463,-189)
(54,467,-186)
(60,466,-186)
(46,464,-197)
(49,464,-189)
(47,449,-192)
(40,460,-192)
(54,463,-195)
(42,466,-190)
(53,466,-188)
(51,461,-190)
(43,452,-185)
(52,458,-184)
(49,464,-188)
(53,463,-182)
(55,456,-185)
(50,461,-190)
(47,464,-192)
(52,456,-195)
(48,463,-180)
(53,461,-179)
(52,468,-187)
(46,466,-194)
(39,460,-180)
(63,461,-178)
(53,460,-189)
(51,457,-188)
(45,460,-187)
(49,463,-183)
(56,459,-180)
(47,459,-191)
(42,456,-185)
