(58,568,-167)
(51,566,-162)
(50,578,-170)
(53,573,-171)
(32,573,-156)
(45,575,-164)
(42,574,-146)
(41,577,-161)
(40,564,-156)
(44,576,-160)
(35,574,-162)
(37,577,-172)
(24,570,-156)
(22,571,-162)
(28,575,-163)
(28,576,-158)
(20,564,-161)
(27,565,-164)
(21,563,-162)
(15,568,-161)
(24,569,-148)
(12,567,-161)
(24,567,-153)
(15,574,-155)
(10,563,-160)
(5,567,-161)
(7,568,-157)
(16,560,-160)
(7,560,-156)
(8,574,-151)
(-2,567,-160)
(9,559,-156)
(0,573,-151)
(0,561,-156)
(0,562,-150)
(1,553,-147)
(-6,561,-151)
(-13,558,-142)
(-21,559,-132)
(-11,557,-141)
(-7,557,-131)
(-13,557,-146)
(-30,558,-130)
(-25,559,-132)
(-32,561,-129)
(-30,547,-125)
(-27,540,-132)
(-32,548,-123)
(-40,535,-126)
(-40,556,-128)
(-53,552,-117)
(-47,545,-112)
(-52,549,-115)
(-52,544,-106)
(-54,533,-109)
(-62,545,-100)
(-58,538,-103)
(-63,531,-90)
(-65,539,-91)
(-72,533,-96)
(-65,526,-87)
(-64,533,-84)
(-70,534,-81)
(-73,527,-76)
(-76,529,-71)
(-77,519,-75)
(-74,524,-68)
(-80,523,-60)
(-84,512,-59)
(-84,520,-57)
(-84,522,-46)
(-87,509,-50)
(-85,515,-38)
(-87,511,-37)
(-81,507,-33)
(-84,515,-34)
(-75,505,-21)
(-93,499,-14)
(-90,501,-22)
(-91,512,-10)
(-97,511,3)
(-98,503,1)
(-90,499,3)
(-102,505,7)
(-86,502,8)
(-89,500,31)
(-94,505,34)
(-91,506,29)
(-88,504,40)
(-98,500,53)
(-90,503,50)
(-95,503,58)
(-91,502,55)
(-94,505,64)
(-96,503,74)
(-89,501,77)
(-91,496,80)
(-85,506,90)
(-87,507,105)
(-71,502,112)
(-90,500,112)
(-90,511,121)
(-83,504,120)
(-83,509,144)
(-90,504,140)
(-79,506,154)
(-78,492,157)
(-75,502,169)
(-73,499,176)
(-68,505,188)
(-68,509,179)
(-75,499,192)
(-64,514,196)
(-61,497,199)
(-64,493,202)
(-65,503,211)
(-46,511,229)
(-50,503,234)
(-48,493,236)
(-39,503,243)
(-34,497,254)
(-37,503,258)
(-32,495,264)
(-30,507,270)
(-20,506,283)
(-16,502,281)
(-12,499,282)
(-21,497,295)
(-7,507,306)
(-6,500,294)
(-3,490,302)
(19,507,311)
(9,497,306)
(12,498,322)
(26,500,326)
(29,498,325)
(26,498,328)
(41,491,328)
(51,496,332)
(48,490,338)
(48,501,346)
(56,493,343)
(60,492,341)
(72,494,341)
(72,488,345)
(74,501,346)
(77,493,345)
(83,498,339)
(96,497,343)
(93,494,341)
(99,496,351)
(97,497,349)
(101,500,352)
(99,491,342)
(112,495,353)
(110,494,350)
(113,499,353)
(120,499,349)
(122,492,340)
(123,498,351)
(130,500,333)
(130,504,350)
(145,509,339)
(141,503,341)
(149,507,335)
(141,496,335)
(136,496,322)
(137,505,331)
(152,507,329)
(152,513,322)
(154,502,322)
(145,504,316)
(149,512,305)
(160,510,323)
(158,510,320)
(165,513,318)
(157,506,313)
(165,513,307)
(175,509,306)
(180,514,301)
(167,519,290)
(175,512,306)
(178,522,298)
(180,515,293)
(169,522,291)
(172,513,285)
(182,518,277)
(184,520,280)
(183,515,287)
(184,521,282)
(192,520,273)
(191,526,280)
(195,521,260)
(197,525,277)
(201,521,266)
(196,507,268)
(208,522,257)
(202,526,260)
(205,520,262)
(210,518,250)
(209,515,248)
(217,524,250)
(214,518,237)
(216,526,239)
(219,520,243)
(223,513,235)
(235,521,239)
(225,527,223)
(240,520,226)
(235,524,213)
(259,519,223)
(245,518,213)
(251,518,204)
(260,528,205)
(251,511,196)
(251,517,202)
(252,515,193)
(264,514,192)
(264,517,192)
(260,510,187)
(269,523,187)
(263,512,185)
(273,515,177)
(268,509,186)
(264,513,172)
(276,510,166)
(273,518,163)
(271,512,165)
(285,517,163)
(282,508,153)
(279,506,147)
(277,523,144)
(293,516,139)
(296,509,141)
(282,511,142)
(284,517,125)
(284,506,117)
(289,512,116)
(283,506,116)
(279,506,106)
(289,515,96)
(289,510,94)
(282,513,85)
(302,502,82)
(289,513,75)
(292,506,78)
(280,503,64)
(295,513,55)
(294,506,57)
(291,511,46)
(294,503,40)
(298,509,32)
(299,507,19)
(286,507,28)
(285,519,9)
(291,510,0)
(291,505,0)
(292,507,-1)
(280,510,-9)
(297,512,-22)
(277,517,-30)
(289,507,-43)
(285,504,-51)
(275,502,-52)
(281,504,-68)
(267,513,-65)
(269,510,-77)
(259,508,-76)
(261,521,-80)
(256,510,-85)
(252,506,-87)
(253,510,-107)
(244,512,-105)
(259,516,-116)
(241,514,-106)
(238,516,-117)
(230,511,-118)
(223,510,-123)
(225,515,-122)
(215,520,-129)
(220,520,-123)
(219,513,-134)
(221,513,-131)
(203,517,-133)
(205,514,-142)
(196,512,-141)
(186,513,-136)
(184,510,-137)
(181,520,-144)
(172,514,-150)
(167,508,-147)
(168,523,-147)
(154,512,-147)
(143,516,-151)
(145,517,-166)
(141,515,-166)
(140,508,-161)
(136,513,-161)
(123,519,-169)
(128,510,-166)
(116,518,-172)
(111,503,-164)
(96,512,-173)
(96,509,-158)
(101,513,-169)
(93,505,-172)
(97,500,-168)
(85,502,-173)
(80,492,-170)
(79,493,-164)
(71,501,-169)
(64,497,-173)
(70,499,-166)
(70,501,-169)
(62,494,-174)
(59,497,-170)
(52,494,-172)
(62,483,-175)
(52,488,-176)
(59,487,-173)
(38,491,-172)
(40,493,-171)
(51,474,-171)
(41,477,-180)
(40,489,-175)
(42,481,-170)
(37,476,-171)
(36,471,-167)
(39,488,-173)
(41,479,-177)
(34,491,-166)
(36,483,-174)
(40,479,-168)
(40,478,-175)
(24,480,-158)
(34,476,-162)
(28,482,-167)
(32,479,-168)
(29,482,-176)
(23,480,-169)
(27,473,-173)
(28,478,-166)
(36,470,-168)
(22,470,-175)
(26,472,-158)
(27,469,-165)
(22,474,-165)
(29,474,-164)
(24,472,-174)
(25,483,-161)
(27,472,-168)
(28,474,-159)
(26,480,-165)
(23,487,-160)
(28,474,-173)
(38,474,-168)
(40,473,-152)
(34,475,-163)
(35,469,-159)
(29,477,-162)
(40,466,-158)
(36,475,-158)
(34,479,-166)
(19,477,-163)
(28,483,-161)
(35,488,-149)
(26,475,-165)
(38,487,-164)
(31,482,-153)
(32,461,-160)
(30,480,-150)
(30,478,-150)
(32,474,-165)
(30,476,-153)
(29,475,-166)
(37,473,-157)
(30,470,-169)
(26,472,-162)
(34,482,-162)
(40,478,-164)
(31,484,-165)
(37,478,-170)
(38,474,-161)
(32,480,-168)
(39,480,-175)
(49,479,-167)
(37,476,-168)
(32,480,-172)
(36,472,-182)
(41,475,-175)
(30,466,-174)
(27,480,-166)
(38,476,-166)
(32,480,-182)
(38,478,-171)
(39,472,-161)
(39,478,-175)
(44,481,-166)
(48,482,-170)
(45,483,-184)
(51,487,-174)
(53,480,-170)
(46,485,-162)
(42,477,-171)
(50,482,-165)
(45,484,-173)
(51,477,-173)
(53,479,-163)
(58,492,-168)
(54,484,-173)
(50,482,-166)
(48,484,-165)
(55,480,-167)
