(-7,544,-90)
(-13,532,-99)
(-4,532,-103)
(-4,532,-103)
(-4,538,-90)
(-6,536,-101)
(-8,532,-94)
(-12,536,-96)
(-5,537,-100)
(-11,539,-92)
(-11,533,-93)
(-5,538,-100)
(-8,531,-95)
(-10,535,-88)
(-12,527,-94)
(-20,533,-90)
(-18,531,-107)
(-5,519,-95)
(-7,536,-91)
(-18,531,-96)
(-20,533,-97)
(-20,536,-96)
(-30,528,-93)
(-27,539,-100)
(-31,528,-94)
(-25,525,-92)
(-52,537,-92)
(-56,527,-86)
(-42,542,-96)
(-47,528,-101)
(-54,532,-95)
(-56,528,-91)
(-54,518,-89)
(-57,536,-87)
(-59,530,-86)
(-65,528,-80)
(-58,530,-79)
(-60,525,-79)
(-63,534,-70)
(-61,519,-75)
(-66,527,-70)
(-65,525,-67)
(-68,524,-58)
(-58,537,-64)
(-68,527,-53)
(-67,529,-51)
(-61,528,-43)
(-71,534,-53)
(-64,525,-44)
(-65,527,-41)
(-72,539,-32)
(-55,534,-26)
(-62,527,-28)
(-66,522,-29)
(-65,528,-17)
(-72,532,-10)
(-68,529,-13)
(-78,523,-14)
(-66,524,2)
(-66,523,-5)
(-66,519,-1)
(-81,515,3)
(-75,524,8)
(-80,514,6)
(-90,513,19)
(-81,514,22)
(-84,519,20)
(-87,514,31)
(-85,511,31)
(-87,510,27)
(-89,516,41)
(-79,517,43)
(-70,501,51)
(-73,510,59)
(-83,512,53)
(-87,509,77)
(-81,501,73)
(-74,513,76)
(-80,504,78)
(-80,504,91)
(-86,499,94)
(-73,504,102)
(-80,505,105)
(-69,502,107)
(-78,503,125)
(-76,501,125)
(-73,496,137)
(-70,502,153)
(-64,495,137)
(-70,498,153)
(-65,497,164)
(-71,496,164)
(-57,487,168)
(-62,487,182)
(-59,495,191)
(-54,484,206)
(-48,501,215)
(-53,478,212)
(-46,484,219)
(-40,484,223)
(-38,493,233)
(-32,482,251)
(-39,471,239)
(-24,474,257)
(-30,476,264)
(-23,475,261)
(-8,472,268)
(-8,468,269)
(-6,477,285)
(-2,475,281)
(7,478,300)
(6,480,297)
(23,477,297)
(32,480,297)
(39,479,308)
(47,470,305)
(46,474,311)
(60,475,308)
(66,474,314)
(82,473,327)
(82,481,322)
(82,478,322)
(93,473,322)
(96,478,325)
(110,492,323)
(106,481,330)
(125,478,334)
(126,478,333)
(136,481,330)
(143,481,333)
(152,480,340)
(150,483,332)
(162,485,332)
(172,491,334)
(175,476,337)
(180,473,342)
(194,473,331)
(190,475,331)
(201,473,330)
(205,480,330)
(219,482,333)
(213,473,331)
(222,473,330)
(235,479,330)
(230,479,321)
(237,474,333)
(251,482,321)
(257,472,320)
(263,474,309)
(262,481,318)
(269,484,321)
(274,471,309)
(275,479,303)
(289,479,312)
(292,484,306)
(289,494,296)
(299,489,292)
(298,479,286)
(309,483,280)
(314,483,274)
(310,490,276)
(320,482,277)
(322,488,270)
(327,482,270)
(338,490,264)
(335,499,258)
(338,500,255)
(339,486,242)
(349,499,250)
(348,507,238)
(343,501,229)
(346,509,237)
(347,505,227)
(357,502,210)
(351,514,222)
(347,511,215)
(350,506,199)
(359,511,192)
(363,510,195)
(360,515,192)
(352,523,183)
(371,513,181)
(357,524,176)
(364,532,172)
(364,525,164)
(368,524,161)
(362,521,152)
(364,528,154)
(362,524,135)
(361,534,137)
(361,528,139)
(356,541,129)
(356,536,124)
(353,540,122)
(356,543,114)
(355,554,109)
(355,534,114)
(353,546,114)
(352,550,97)
(347,557,115)
(346,552,101)
(349,540,109)
(347,553,100)
(351,567,93)
(343,552,95)
(352,557,85)
(346,547,88)
(341,559,75)
(341,569,72)
(349,561,75)
(349,551,63)
(345,560,54)
(344,570,45)
(343,563,29)
(338,566,16)
(339,569,14)
(338,573,7)
(342,558,4)
(337,573,-9)
(346,576,-7)
(334,570,-22)
(333,574,-26)
(334,565,-35)
(329,580,-39)
(323,584,-36)
(321,583,-55)
(320,588,-57)
(311,587,-56)
(309,590,-70)
(303,585,-71)
(302,594,-77)
(298,590,-75)
(294,599,-90)
(290,592,-86)
(293,598,-89)
(278,595,-88)
(289,603,-101)
(274,596,-100)
(280,618,-96)
(273,609,-103)
(260,602,-104)
(263,615,-113)
(264,606,-115)
(254,613,-113)
(252,606,-117)
(262,613,-122)
(247,613,-119)
(244,609,-117)
(251,617,-115)
(245,602,-126)
(241,609,-114)
(237,598,-122)
(230,606,-124)
(237,606,-134)
(232,620,-130)
(238,612,-127)
(239,604,-132)
(242,616,-127)
(239,611,-119)
(233,613,-121)
(231,601,-128)
(222,601,-122)
(219,604,-134)
(222,611,-134)
(209,607,-138)
(212,605,-139)
(214,605,-143)
(206,601,-138)
(201,600,-145)
(202,609,-138)
(194,605,-140)
(197,600,-146)
(191,596,-155)
(185,597,-145)
(181,602,-144)
(186,596,-140)
(175,592,-150)
(173,598,-153)
(168,603,-144)
(162,595,-151)
(160,601,-153)
(153,592,-151)
(146,597,-150)
(154,588,-157)
(150,602,-151)
(130,599,-146)
(141,596,-158)
(126,596,-148)
(116,592,-161)
(115,580,-152)
(120,593,-148)
(115,590,-160)
(104,595,-147)
(98,584,-158)
(101,593,-162)
(91,581,-151)
(79,575,-159)
(90,572,-162)
(74,570,-153)
(75,582,-156)
(79,574,-154)
(56,563,-156)
(60,573,-151)
(63,577,-146)
(51,566,-168)
(47,571,-153)
(45,568,-148)
(41,559,-153)
(36,551,-151)
(33,544,-156)
(22,552,-138)
(21,552,-146)
(22,553,-150)
(24,553,-153)
(10,545,-148)
(22,549,-155)
(16,541,-156)
(11,539,-145)
(5,541,-151)
(19,521,-145)
(2,532,-145)
(13,527,-131)
(9,524,-144)
(5,523,-129)
(8,518,-130)
(8,524,-129)
(6,530,-129)
(8,531,-138)
(11,523,-130)
(7,523,-135)
(10,518,-134)
(13,525,-124)
(9,514,-131)
(5,516,-136)
(6,518,-136)
(1,518,-126)
(4,524,-129)
(-1,520,-131)
(5,519,-125)
(0,510,-128)
(-2,514,-139)
(-5,508,-132)
(3,504,-135)
(-4,513,-135)
(5,514,-134)
(-1,514,-135)
(1,506,-132)
(-7,499,-128)
(-1,514,-140)
(3,514,-140)
(0,518,-132)
(-2,503,-123)
(5,507,-143)
(-5,503,-141)
(2,509,-133)
(-5,502,-143)
(-8,497,-146)
(-5,503,-135)
(-1,502,-133)
(-2,502,-134)
(-7,507,-141)
(-2,505,-133)
(3,508,-136)
(2,506,-132)
(13,505,-135)
(5,500,-135)
(-2,511,-147)
(0,509,-129)
(6,503,-129)
(19,517,-129)
(9,506,-133)
(3,509,-131)
(16,512,-138)
(10,512,-135)
(13,507,-128)
(10,515,-133)
(22,512,-135)
(13,516,-119)
(15,519,-132)
(28,522,-131)
(30,514,-138)
(33,510,-132)
(22,520,-141)
(21,510,-130)
(33,514,-126)
(27,534,-132)
(23,514,-117)
(33,528,-132)
(35,527,-130)
(42,528,-129)
(44,525,-127)
(42,527,-125)
(40,525,-125)
(55,528,-139)
(49,521,-133)
(54,525,-127)
