(194,574,-64)
(186,564,-51)
(195,577,-65)
(183,577,-59)
(194,580,-56)
(192,563,-60)
(186,566,-57)
(192,582,-53)
(192,567,-56)
(189,571,-61)
(197,570,-62)
(191,567,-54)
(182,572,-52)
(194,567,-62)
(185,572,-58)
(194,575,-60)
(189,572,-53)
(188,577,-57)
(190,572,-56)
(186,573,-54)
(190,566,-59)
(186,570,-73)
(190,573,-62)
(186,567,-55)
(180,568,-58)
(186,568,-58)
(192,567,-60)
(188,575,-55)
(194,586,-58)
(186,565,-69)
(189,577,-60)
(192,577,-56)
(184,565,-48)
(193,565,-54)
(185,569,-63)
(186,560,-59)
(184,576,-55)
(189,570,-66)
(196,573,-68)
(198,575,-62)
(188,575,-58)
(180,570,-56)
(187,579,-62)
(188,576,-65)
(186,574,-57)
(189,568,-65)
(196,573,-58)
(180,572,-54)
(187,578,-46)
(194,572,-58)
(191,571,-56)
(183,570,-58)
(187,575,-58)
(185,567,-50)
(192,579,-48)
(188,572,-55)
(193,571,-53)
(187,575,-56)
(192,572,-59)
(186,570,-60)
(190,565,-62)
(193,574,-53)
(181,581,-63)
(186,570,-52)
(189,563,-54)
(188,562,-53)
(190,568,-53)
(183,572,-51)
(179,569,-61)
(189,578,-66)
(189,578,-58)
(182,572,-57)
(191,580,-60)
(189,560,-68)
(188,565,-59)
(198,573,-68)
(192,573,-58)
(183,563,-62)
(178,570,-56)
(182,570,-63)
(184,567,-53)
(189,574,-54)
(191,573,-61)
(188,573,-53)
(189,577,-69)
(189,571,-52)
(176,563,-61)
(178,574,-51)
(186,579,-60)
(185,574,-56)
(182,574,-64)
(180,583,-60)
(179,574,-55)
(175,576,-61)
(171,587,-49)
(174,575,-70)
(169,574,-61)
(167,575,-57)
(155,588,-53)
(153,576,-62)
(151,576,-56)
(137,579,-57)
(139,575,-60)
(134,580,-61)
(128,578,-60)
(129,573,-53)
(123,578,-58)
(118,584,-66)
(110,583,-54)
(107,591,-64)
(98,586,-52)
(95,583,-55)
(97,586,-67)
(101,587,-54)
(85,590,-46)
(73,594,-53)
(75,581,-45)
(68,588,-36)
(71,586,-39)
(64,583,-31)
(68,586,-36)
(49,582,-35)
(48,578,-36)
(34,578,-20)
(27,588,-15)
(46,576,-20)
(33,573,-16)
(25,585,1)
(16,582,2)
(16,572,5)
(9,576,7)
(1,581,5)
(9,574,16)
(-3,574,20)
(1,573,28)
(-3,580,19)
(-12,576,33)
(-10,567,43)
(-20,567,40)
(-27,566,39)
(-22,562,58)
(-22,568,63)
(-30,571,58)
(-41,559,79)
(-41,563,72)
(-37,560,80)
(-37,557,83)
(-34,541,86)
(-46,553,92)
(-47,552,102)
(-48,543,102)
(-44,551,100)
(-44,548,112)
(-51,540,117)
(-51,552,134)
(-49,544,131)
(-50,552,142)
(-54,544,141)
(-41,533,151)
(-40,533,155)
(-54,530,152)
(-48,534,167)
(-56,527,171)
(-50,525,181)
(-53,525,185)
(-49,526,189)
(-46,526,196)
(-42,523,203)
(-46,533,210)
(-48,523,214)
(-50,517,218)
(-58,520,230)
(-48,518,232)
(-52,516,231)
(-49,515,245)
(-44,505,248)
(-40,507,247)
(-38,508,256)
(-41,514,270)
(-48,501,268)
(-45,512,278)
(-38,508,287)
(-32,502,279)
(-42,514,288)
(-34,495,303)
(-34,506,303)
(-24,496,307)
(-11,506,317)
(-14,500,315)
(-16,491,331)
(-6,492,336)
(0,506,326)
(7,498,343)
(5,503,342)
(5,501,349)
(22,498,351)
(27,501,352)
(25,487,358)
(29,498,360)
(42,487,367)
(43,491,377)
(49,499,370)
(55,487,383)
(67,504,365)
(77,495,370)
(77,482,383)
(89,492,380)
(95,492,386)
(102,484,398)
(111,483,383)
(111,480,394)
(139,487,386)
(126,481,395)
(129,483,402)
(135,482,399)
(154,471,399)
(148,462,386)
(163,469,402)
(174,465,408)
(173,463,408)
(190,461,394)
(190,457,402)
(207,460,400)
(198,458,396)
(208,451,392)
(225,448,396)
(223,444,389)
(223,450,400)
(231,453,395)
(238,446,379)
(252,459,384)
(261,446,380)
(254,444,373)
(264,436,373)
(263,447,380)
(280,442,365)
(280,440,362)
(288,436,361)
(298,436,355)
(311,434,347)
(317,431,340)
(311,436,333)
(319,444,322)
(321,445,322)
(327,450,311)
(326,438,310)
(329,450,305)
(341,450,302)
(339,447,299)
(336,453,277)
(342,449,277)
(351,457,270)
(342,465,265)
(338,473,255)
(352,460,240)
(358,469,238)
(355,474,242)
(352,478,225)
(353,477,216)
(363,476,203)
(348,476,205)
(350,480,191)
(372,473,180)
(367,484,179)
(367,498,172)
(370,486,171)
(353,500,156)
(356,488,140)
(361,505,154)
(363,501,139)
(363,508,123)
(347,505,128)
(352,505,121)
(361,504,126)
(356,523,90)
(352,513,96)
(360,519,90)
(348,526,77)
(345,526,76)
(354,519,84)
(343,520,79)
(341,529,66)
(338,525,53)
(336,525,55)
(343,539,43)
(328,535,52)
(337,539,42)
(320,538,32)
(318,540,41)
(306,537,34)
(319,550,23)
(310,550,20)
(306,548,22)
(305,557,12)
(294,558,11)
(293,563,17)
(297,562,6)
(286,564,4)
(279,574,7)
(285,567,4)
(282,568,-11)
(268,568,1)
(269,564,-10)
(262,569,-8)
(264,569,-7)
(258,570,2)
(259,572,-6)
(245,587,-13)
(244,577,-15)
(245,578,-15)
(230,582,-22)
(228,576,-15)
(229,581,-12)
(219,585,-11)
(215,581,-16)
(216,588,-21)
(214,584,-20)
(215,580,-20)
(206,578,-14)
(203,580,-25)
(207,572,-23)
(201,581,-31)
(194,578,-14)
(200,581,-28)
(191,582,-19)
(181,589,-23)
(184,581,-22)
(185,579,-30)
(183,572,-25)
(182,580,-23)
(179,576,-24)
(183,573,-30)
(177,577,-26)
(166,579,-23)
(177,577,-25)
(171,576,-29)
(170,578,-31)
(171,577,-28)
(171,574,-19)
(168,576,-29)
(163,576,-31)
(162,573,-28)
(170,576,-31)
(164,583,-40)
(169,574,-28)
(165,577,-31)
(160,585,-34)
(174,570,-26)
(159,574,-29)
(173,583,-38)
(174,578,-27)
