(483,-181,-243)
(471,-176,-252)
(469,-181,-250)
(471,-174,-249)
(477,-176,-247)
(481,-171,-240)
(474,-167,-242)
(468,-179,-245)
(472,-167,-236)
(472,-180,-251)
(477,-172,-243)
(466,-171,-246)
(471,-179,-235)
(467,-176,-239)
(466,-176,-233)
(471,-177,-234)
(473,-180,-244)
(462,-180,-233)
(468,-183,-235)
(481,-174,-227)
(483,-166,-242)
(468,-171,-230)
(486,-177,-226)
(463,-175,-240)
(476,-176,-236)
(478,-176,-232)
(466,-183,-233)
(473,-172,-238)
(472,-175,-226)
(461,-172,-236)
(467,-176,-236)
(475,-183,-238)
(470,-173,-238)
(466,-172,-242)
(478,-176,-240)
(480,-177,-236)
(481,-174,-245)
(476,-169,-238)
(473,-170,-249)
(470,-176,-242)
(471,-168,-247)
(471,-175,-234)
(458,-183,-237)
(478,-165,-236)
(474,-170,-237)
(480,-182,-235)
(461,-162,-234)
(475,-174,-232)
(470,-175,-234)
(477,-177,-234)
(474,-168,-238)
(470,-173,-240)
(478,-172,-242)
(471,-172,-239)
(479,-165,-242)
(472,-177,-230)
(483,-167,-228)
(480,-183,-235)
(477,-165,-232)
(470,-170,-225)
(477,-165,-240)
(477,-160,-227)
(467,-167,-238)
(477,-167,-227)
(478,-163,-223)
(480,-167,-232)
(474,-158,-225)
(491,-168,-216)
(472,-159,-225)
(481,-156,-221)
(483,-151,-228)
(475,-158,-224)
(476,-157,-229)
(489,-158,-217)
(487,-143,-230)
(482,-159,-216)
(484,-151,-217)
(484,-150,-215)
(488,-160,-209)
(484,-150,-217)
(491,-144,-202)
(486,-139,-210)
(488,-141,-206)
(481,-144,-206)
(486,-144,-201)
(486,-132,-195)
(485,-122,-200)
(493,-126,-201)
(498,-136,-203)
(495,-121,-188)
(493,-116,-186)
(492,-120,-183)
(492,-116,-181)
(502,-118,-180)
(490,-103,-181)
(497,-98,-172)
(487,-102,-172)
(495,-103,-180)
(493,-96,-162)
(494,-101,-165)
(504,-93,-164)
(498,-97,-159)
(502,-81,-144)
(496,-82,-151)
(505,-81,-154)
(493,-83,-134)
(500,-90,-130)
(489,-69,-127)
(507,-71,-130)
(496,-70,-121)
(501,-58,-121)
(498,-49,-119)
(497,-53,-114)
(499,-55,-117)
(501,-45,-95)
(498,-45,-106)
(505,-37,-102)
(504,-50,-88)
(510,-39,-84)
(509,-29,-92)
(496,-27,-82)
(497,-35,-67)
(505,-20,-64)
(501,-17,-66)
(502,-21,-68)
(494,-4,-60)
(506,-5,-54)
(504,-5,-58)
(495,-3,-46)
(499,2,-41)
(501,12,-36)
(493,12,-27)
(496,21,-28)
(487,21,-21)
(490,24,-17)
(496,25,-21)
(490,35,-10)
(490,40,-8)
(495,41,1)
(490,41,5)
(477,53,0)
(492,45,6)
(479,63,5)
(481,54,17)
(474,62,19)
(475,73,28)
(467,68,24)
(476,81,40)
(476,88,37)
(467,92,48)
(468,98,45)
(470,107,39)
(459,108,58)
(466,98,55)
(459,115,58)
(457,115,73)
(448,126,80)
(446,119,82)
(444,129,75)
(453,145,79)
(447,131,90)
(441,133,93)
(435,141,107)
(437,143,97)
(428,152,105)
(427,156,112)
(424,159,117)
(419,160,121)
(410,167,122)
(422,170,126)
(420,174,124)
(413,170,134)
(405,183,138)
(405,190,142)
(401,189,145)
(399,180,158)
(386,197,152)
(383,197,158)
(388,200,154)
(384,211,160)
(375,212,166)
(389,207,162)
(373,208,176)
(374,211,176)
(367,204,178)
(360,217,178)
(360,214,180)
(364,221,189)
(344,233,189)
(351,226,192)
(345,226,204)
(341,228,199)
(336,225,202)
(340,226,197)
(341,239,203)
(344,234,209)
(325,229,200)
(330,242,206)
(310,241,211)
(332,244,218)
(320,254,220)
(310,248,225)
(312,257,213)
(307,256,219)
(309,250,231)
(299,247,221)
(305,254,231)
(292,254,223)
(291,253,233)
(299,252,232)
(291,256,242)
(306,263,234)
(281,263,231)
(280,253,232)
(282,264,221)
(290,261,229)
(294,258,228)
(291,260,227)
(286,265,229)
(289,265,229)
(289,268,225)
(296,270,234)
(296,278,237)
(293,259,233)
(294,261,232)
(285,258,224)
(300,261,228)
(300,255,232)
(280,265,223)
(289,263,224)
(288,266,234)
(299,267,222)
(290,260,231)
(298,263,228)
(295,267,234)
(295,264,226)
(292,262,227)
(307,264,229)
(295,249,227)
(307,254,229)
(308,265,225)
(298,252,218)
(307,251,224)
(299,252,229)
(303,247,226)
(310,248,231)
(321,247,232)
(314,256,224)
(317,258,220)
(316,250,227)
(319,257,224)
(317,254,224)
(325,249,223)
(332,240,222)
(336,237,222)
(341,237,230)
(330,244,219)
(342,241,217)
(344,235,215)
(334,239,213)
(348,239,220)
(351,246,218)
(350,238,215)
(357,230,210)
(355,234,216)
(366,229,210)
(361,215,203)
(370,226,207)
(368,233,202)
(370,215,197)
(379,207,193)
(393,218,188)
(390,209,187)
(395,209,189)
(405,208,201)
(401,197,185)
(400,199,186)
(417,193,178)
(411,196,180)
(414,192,165)
(410,185,167)
(424,187,166)
(421,179,158)
(429,179,153)
(430,175,160)
(438,174,160)
(444,167,150)
(440,164,144)
(448,157,135)
(448,151,133)
(452,157,127)
(460,156,133)
(455,151,128)
(461,146,114)
(459,140,106)
(464,144,107)
(466,128,101)
(469,130,92)
(477,123,96)
(489,115,89)
(486,113,88)
(489,111,82)
(491,109,65)
(487,99,70)
(492,93,63)
(492,98,57)
(488,85,59)
(499,80,47)
(499,85,35)
(504,82,28)
(503,69,28)
(496,70,30)
(514,58,17)
(514,51,17)
(513,55,19)
(511,59,-1)
(508,38,3)
(515,41,-3)
(512,41,-12)
(519,31,-16)
(500,25,-28)
(515,30,-20)
(510,20,-29)
(517,6,-36)
(512,7,-48)
(514,-5,-41)
(527,-3,-58)
(523,-10,-53)
(521,-6,-67)
(519,-12,-76)
(516,-20,-77)
(521,-24,-91)
(522,-27,-91)
(510,-32,-96)
(529,-37,-102)
(515,-40,-102)
(518,-35,-108)
(528,-52,-111)
(531,-58,-120)
(517,-56,-120)
(512,-62,-137)
(524,-59,-132)
(513,-62,-142)
(530,-72,-140)
(515,-89,-151)
(514,-83,-149)
(513,-99,-154)
(506,-94,-162)
(509,-92,-158)
(507,-98,-160)
(509,-103,-177)
(510,-105,-177)
(506,-104,-180)
(507,-113,-180)
(501,-127,-174)
(502,-116,-195)
(499,-134,-179)
(503,-125,-191)
(494,-130,-196)
(490,-124,-197)
(505,-141,-201)
(494,-144,-197)
(498,-144,-198)
(498,-145,-192)
(496,-158,-195)
(482,-153,-200)
(484,-161,-210)
(491,-159,-197)
(489,-166,-199)
(489,-160,-202)
(493,-168,-190)
(497,-180,-206)
(476,-173,-198)
(478,-176,-198)
(481,-176,-211)
(484,-182,-204)
(484,-192,-202)
(486,-183,-201)
(488,-187,-200)
(481,-186,-191)
(488,-187,-192)
(481,-185,-194)
(486,-195,-202)
(483,-183,-191)
(483,-183,-193)
(476,-187,-198)
(479,-178,-202)
(492,-182,-201)
(481,-190,-204)
(482,-182,-205)
(482,-179,-191)
(481,-191,-202)
(480,-193,-195)
(481,-189,-200)
(491,-187,-193)
(490,-181,-195)
(485,-178,-192)
(484,-185,-190)
(484,-192,-190)
(487,-177,-198)
(485,-186,-195)
(478,-180,-204)
