(442,-229,-251)
(448,-224,-258)
(433,-219,-253)
(446,-225,-257)
(435,-220,-253)
(447,-215,-249)
(438,-214,-253)
(440,-221,-249)
(447,-209,-248)
(442,-218,-254)
(450,-216,-258)
(447,-222,-253)
(448,-213,-250)
(448,-224,-252)
(434,-219,-251)
(453,-217,-259)
(451,-220,-252)
(453,-229,-260)
(441,-227,-261)
(443,-227,-257)
(440,-227,-252)
(440,-218,-249)
(449,-221,-254)
(440,-215,-252)
(445,-223,-258)
(448,-226,-268)
(441,-222,-252)
(454,-232,-250)
(445,-231,-262)
(446,-230,-251)
(449,-222,-247)
(440,-227,-255)
(449,-216,-250)
(446,-222,-260)
(444,-214,-252)
(452,-207,-253)
(444,-202,-246)
(444,-222,-253)
(443,-217,-255)
(445,-210,-251)
(446,-216,-253)
(446,-207,-256)
(454,-200,-252)
(454,-203,-248)
(453,-200,-249)
(448,-196,-245)
(448,-209,-241)
(443,-184,-239)
(455,-193,-244)
(452,-189,-233)
(451,-195,-230)
(452,-187,-235)
(463,-182,-230)
(457,-187,-229)
(458,-186,-225)
(460,-189,-210)
(461,-184,-216)
(462,-169,-206)
(459,-178,-207)
(470,-167,-203)
(468,-168,-204)
(463,-172,-181)
(458,-166,-194)
(468,-164,-184)
(468,-168,-176)
(465,-164,-166)
(465,-159,-171)
(473,-142,-163)
(471,-157,-166)
(474,-148,-159)
(469,-148,-150)
(476,-139,-137)
(474,-144,-138)
(472,-119,-129)
(471,-126,-130)
(477,-125,-123)
(471,-127,-110)
(473,-123,-117)
(483,-128,-109)
(487,-115,-112)
(483,-94,-112)
(481,-96,-95)
(483,-104,-89)
(483,-103,-84)
(485,-95,-84)
(480,-95,-84)
(484,-78,-69)
(483,-81,-74)
(479,-78,-62)
(486,-74,-56)
(480,-68,-54)
(472,-61,-56)
(483,-55,-37)
(479,-45,-46)
(479,-56,-43)
(482,-47,-41)
(487,-47,-31)
(480,-42,-22)
(479,-40,-24)
(486,-22,-16)
(481,-23,-19)
(483,-19,-4)
(461,-13,0)
(476,-15,0)
(474,-6,11)
(477,0,7)
(470,-9,3)
(469,-2,22)
(474,5,32)
(476,4,25)
(469,13,32)
(467,9,38)
(464,22,52)
(467,22,43)
(463,23,58)
(467,30,44)
(462,24,59)
(468,38,60)
(464,35,71)
(466,46,76)
(460,41,71)
(457,53,84)
(452,57,88)
(461,59,100)
(464,54,106)
(451,61,107)
(449,63,109)
(455,63,101)
(452,71,122)
(455,73,128)
(451,74,124)
(442,83,139)
(438,87,140)
(442,86,149)
(444,94,144)
(452,101,147)
(426,93,159)
(437,100,158)
(434,101,166)
(430,94,175)
(423,107,173)
(422,112,188)
(417,121,192)
(422,114,184)
(415,120,198)
(418,119,198)
(413,122,192)
(411,126,206)
(407,130,205)
(400,131,203)
(403,136,209)
(402,140,206)
(392,140,213)
(403,137,216)
(402,143,218)
(399,147,225)
(396,144,222)
(391,146,224)
(385,152,221)
(385,153,240)
(377,152,238)
(385,162,237)
(387,158,237)
(374,165,239)
(367,157,240)
(367,160,247)
(366,172,241)
(380,168,247)
(360,162,248)
(364,171,245)
(373,174,244)
(360,170,249)
(358,176,254)
(362,175,268)
(349,184,261)
(351,174,255)
(354,179,257)
(348,174,258)
(347,186,249)
(351,189,254)
(346,187,268)
(336,177,261)
(349,183,267)
(341,181,268)
(341,185,262)
(332,182,250)
(343,187,265)
(348,200,266)
(347,192,259)
(334,189,257)
(343,191,257)
(339,197,260)
(336,192,260)
(337,195,256)
(340,200,260)
(342,200,262)
(349,191,256)
(337,192,252)
(346,202,259)
(340,200,251)
(341,191,260)
(335,200,253)
(341,191,256)
(346,195,255)
(341,203,259)
(340,201,249)
(347,187,256)
(343,202,259)
(347,189,255)
(347,190,258)
(345,193,243)
(346,201,248)
(360,187,253)
(353,201,241)
(351,188,254)
(347,190,242)
(353,198,241)
(349,191,240)
(359,184,224)
(357,196,237)
(362,202,245)
(362,195,232)
(355,192,233)
(374,187,223)
(366,192,226)
(365,184,219)
(377,198,232)
(372,198,227)
(377,188,219)
(367,185,217)
(374,182,214)
(379,176,214)
(384,181,216)
(383,187,201)
(386,178,207)
(394,183,210)
(387,171,205)
(404,171,201)
(399,170,191)
(409,169,181)
(410,169,183)
(409,171,181)
(411,169,185)
(415,162,176)
(420,168,170)
(416,172,171)
(417,145,167)
(415,151,162)
(419,157,161)
(429,152,154)
(428,136,147)
(440,146,149)
(431,130,145)
(440,136,143)
(444,131,148)
(441,129,132)
(445,122,122)
(453,125,120)
(451,107,114)
(456,118,117)
(451,109,117)
(460,104,108)
(458,97,101)
(467,95,98)
(462,101,99)
(471,94,91)
(472,91,84)
(467,84,74)
(473,86,75)
(481,78,76)
(484,77,63)
(487,66,55)
(472,64,43)
(474,68,43)
(481,54,37)
(484,47,31)
(481,47,27)
(483,37,20)
(475,36,13)
(491,30,0)
(487,22,-2)
(500,22,0)
(489,22,-6)
(492,20,-16)
(492,9,-24)
(493,4,-34)
(499,3,-35)
(498,2,-34)
(494,2,-46)
(492,-7,-51)
(487,-20,-51)
(489,-24,-54)
(495,-16,-60)
(496,-16,-71)
(490,-31,-75)
(490,-29,-75)
(490,-45,-89)
(495,-45,-82)
(493,-39,-100)
(492,-49,-103)
(486,-51,-108)
(479,-47,-111)
(495,-54,-116)
(480,-59,-118)
(483,-68,-124)
(487,-69,-127)
(483,-84,-133)
(477,-76,-145)
(475,-73,-141)
(483,-74,-144)
(475,-93,-142)
(477,-95,-150)
(475,-94,-154)
(479,-95,-172)
(474,-100,-167)
(467,-104,-172)
(468,-101,-176)
(469,-116,-176)
(472,-119,-177)
(459,-113,-187)
(467,-120,-181)
(466,-119,-194)
(456,-123,-194)
(457,-121,-217)
(465,-134,-200)
(463,-137,-202)
(458,-144,-215)
(461,-145,-218)
(453,-147,-214)
(451,-149,-218)
(465,-151,-214)
(457,-157,-228)
(455,-160,-224)
(448,-161,-226)
(455,-151,-235)
(449,-165,-238)
(445,-167,-230)
(454,-165,-243)
(451,-164,-232)
(435,-164,-241)
(444,-173,-236)
(442,-177,-241)
(446,-180,-254)
(432,-174,-242)
(434,-184,-241)
(436,-188,-248)
(431,-181,-244)
(434,-178,-243)
(436,-187,-248)
(441,-189,-251)
(438,-194,-259)
(427,-186,-242)
(438,-194,-251)
(437,-187,-259)
(424,-196,-250)
(426,-186,-253)
(429,-195,-259)
(427,-208,-256)
(420,-198,-257)
(426,-200,-257)
(427,-202,-263)
(432,-197,-261)
(427,-195,-267)
(424,-188,-264)
(437,-196,-256)
(421,-199,-255)
(425,-197,-263)
(427,-205,-279)
(419,-198,-265)
(427,-193,-262)
(431,-197,-264)
(423,-197,-263)
(428,-195,-265)
(422,-194,-260)
(422,-184,-263)
(428,-197,-270)
(417,-190,-270)
(420,-194,-266)
(420,-188,-272)
(418,-198,-270)
(424,-192,-266)
(420,-199,-270)
(421,-190,-262)
(425,-187,-259)
(418,-192,-269)
(420,-187,-263)
(412,-197,-264)
(430,-197,-270)
(430,-188,-271)
(422,-192,-261)
(421,-195,-267)
