(438,-203,-299)
(439,-211,-304)
(435,-207,-306)
(435,-210,-288)
(433,-212,-298)
(436,-212,-299)
(430,-204,-306)
(436,-204,-305)
(426,-206,-296)
(440,-217,-299)
(430,-210,-297)
(435,-203,-297)
(425,-207,-296)
(434,-204,-299)
(427,-203,-295)
(440,-208,-296)
(437,-206,-305)
(431,-199,-295)
(434,-208,-305)
(436,-210,-304)
(438,-217,-301)
(425,-209,-305)
(437,-210,-299)
(428,-207,-298)
(443,-201,-294)
(439,-205,-303)
(435,-210,-293)
(437,-201,-291)
(438,-203,-302)
(439,-203,-306)
(432,-209,-299)
(432,-206,-292)
(423,-215,-297)
(428,-213,-302)
(441,-209,-295)
(432,-212,-284)
(438,-210,-289)
(429,-205,-296)
(443,-198,-290)
(442,-203,-277)
(445,-193,-286)
(441,-202,-285)
(445,-203,-276)
(447,-199,-274)
(451,-199,-275)
(438,-193,-265)
(437,-208,-277)
(445,-197,-266)
(442,-204,-266)
(438,-201,-263)
(451,-194,-265)
(442,-190,-266)
(446,-188,-259)
(445,-198,-256)
(451,-188,-256)
(453,-183,-254)
(445,-185,-243)
(447,-181,-245)
(452,-167,-246)
(440,-169,-245)
(447,-176,-238)
(458,-172,-247)
(451,-162,-240)
(457,-162,-242)
(459,-154,-226)
(458,-160,-228)
(463,-148,-229)
(457,-148,-220)
(464,-150,-223)
(462,-142,-217)
(452,-142,-220)
(455,-144,-218)
(469,-142,-206)
(456,-133,-199)
(458,-124,-210)
(452,-129,-195)
(464,-121,-199)
(462,-124,-189)
(459,-124,-199)
(471,-113,-199)
(453,-119,-183)
(461,-115,-180)
(456,-110,-186)
(460,-102,-186)
(466,-104,-187)
(465,-94,-176)
(461,-96,-178)
(469,-97,-173)
(464,-84,-173)
(458,-90,-167)
(458,-82,-162)
(466,-78,-159)
(456,-72,-153)
(458,-79,-159)
(477,-69,-151)
(464,-66,-149)
(465,-64,-156)
(456,-56,-147)
(470,-61,-144)
(457,-54,-145)
(468,-56,-128)
(469,-41,-142)
(470,-51,-136)
(463,-41,-129)
(465,-46,-133)
(468,-23,-119)
(473,-27,-128)
(471,-31,-124)
(470,-28,-120)
(466,-23,-115)
(454,-17,-118)
(460,-19,-117)
(462,-16,-106)
(471,-13,-106)
(466,-9,-111)
(467,-11,-105)
(473,-2,-100)
(476,-1,-91)
(467,3,-97)
(459,1,-96)
(461,-3,-88)
(470,5,-80)
(463,7,-84)
(461,15,-84)
(471,15,-75)
(460,13,-68)
(463,12,-72)
(464,15,-65)
(468,20,-67)
(464,21,-63)
(458,25,-60)
(460,36,-55)
(468,26,-55)
(474,28,-55)
(472,32,-51)
(463,38,-46)
(456,35,-35)
(465,40,-45)
(480,43,-43)
(470,46,-36)
(462,42,-41)
(463,51,-28)
(482,40,-21)
(466,46,-22)
(468,47,-15)
(463,49,-14)
(463,55,-15)
(464,55,-8)
(459,57,0)
(468,62,-1)
(464,64,5)
(463,58,4)
(467,63,10)
(463,75,17)
(464,74,23)
(458,80,20)
(459,77,21)
(463,71,25)
(474,83,38)
(457,90,46)
(461,95,45)
(464,97,48)
(453,91,53)
(451,99,55)
(448,88,62)
(446,106,64)
(450,102,71)
(450,100,83)
(448,113,88)
(440,114,82)
(452,121,88)
(443,111,92)
(433,123,91)
(432,120,107)
(431,132,111)
(427,130,111)
(426,139,119)
(422,144,125)
(418,135,125)
(412,149,130)
(422,148,136)
(406,159,141)
(412,161,143)
(411,145,147)
(404,156,153)
(399,158,146)
(395,171,162)
(396,179,162)
(393,174,167)
(395,175,176)
(382,178,174)
(368,184,182)
(368,173,184)
(364,191,181)
(353,189,201)
(359,189,203)
(360,195,200)
(350,192,208)
(352,199,210)
(343,194,218)
(338,200,219)
(332,206,226)
(323,199,226)
(326,204,228)
(317,221,228)
(322,210,234)
(316,208,233)
(311,216,234)
(313,214,242)
(312,211,249)
(304,214,243)
(306,211,242)
(304,212,246)
(309,215,251)
(289,211,245)
(306,213,254)
(293,211,246)
(296,217,261)
(295,210,247)
(289,210,242)
(290,219,246)
(295,213,253)
(287,219,243)
(294,224,251)
(303,219,256)
(299,218,246)
(288,228,248)
(297,230,257)
(291,219,255)
(292,226,246)
(307,224,245)
(300,217,240)
(293,222,248)
(298,234,239)
(296,231,248)
(303,227,243)
(303,233,242)
(302,236,241)
(303,228,239)
(309,236,244)
(304,233,233)
(303,238,245)
(302,237,230)
(299,235,233)
(309,242,238)
(315,241,241)
(315,241,225)
(309,234,234)
(316,225,234)
(317,246,231)
(321,235,222)
(313,229,231)
(318,238,220)
(318,241,225)
(328,235,225)
(331,246,223)
(332,237,223)
(329,225,226)
(333,242,219)
(338,238,214)
(338,231,217)
(338,236,212)
(354,227,210)
(349,230,203)
(351,230,206)
(333,231,193)
(353,231,212)
(355,213,197)
(359,223,201)
(358,218,198)
(359,211,195)
(365,207,191)
(373,215,195)
(373,213,191)
(384,216,183)
(378,201,187)
(374,202,185)
(373,204,171)
(392,191,170)
(389,195,177)
(395,202,177)
(398,190,166)
(388,190,168)
(400,180,168)
(406,181,166)
(409,184,168)
(407,173,158)
(417,167,164)
(419,165,153)
(407,160,156)
(422,164,151)
(420,157,151)
(432,147,140)
(429,148,145)
(436,138,131)
(434,144,123)
(439,132,123)
(448,126,129)
(443,118,125)
(437,121,123)
(453,116,122)
(449,116,105)
(462,114,98)
(454,104,101)
(460,104,93)
(468,109,94)
(473,88,90)
(474,90,82)
(462,91,86)
(469,84,66)
(480,81,66)
(480,75,54)
(476,73,56)
(469,70,51)
(482,44,42)
(484,50,41)
(485,54,34)
(487,49,23)
(488,50,24)
(483,42,19)
(488,31,8)
(485,36,5)
(491,34,4)
(490,27,0)
(487,16,-6)
(502,19,-18)
(492,24,-9)
(493,17,-26)
(491,10,-25)
(498,-2,-41)
(500,3,-38)
(487,-4,-33)
(488,-3,-45)
(500,-10,-49)
(493,-19,-58)
(491,-18,-65)
(482,-14,-56)
(493,-21,-62)
(494,-20,-77)
(489,-32,-81)
(498,-39,-81)
(494,-41,-92)
(488,-47,-82)
(496,-39,-96)
(481,-49,-101)
(496,-57,-110)
(486,-56,-110)
(487,-57,-124)
(485,-62,-124)
(475,-60,-130)
(485,-78,-140)
(485,-79,-140)
(474,-88,-141)
(476,-81,-152)
(476,-89,-152)
(478,-85,-166)
(470,-93,-165)
(478,-108,-156)
(476,-102,-179)
(475,-98,-172)
(473,-102,-178)
(463,-105,-178)
(462,-119,-182)
(467,-119,-191)
(465,-110,-182)
(457,-124,-200)
(457,-126,-202)
(452,-128,-202)
(463,-121,-206)
(444,-127,-209)
(453,-133,-219)
(460,-140,-215)
(453,-131,-218)
(458,-137,-223)
(441,-156,-228)
(448,-145,-220)
(437,-136,-232)
(445,-147,-225)
(442,-150,-229)
(450,-154,-229)
(450,-153,-230)
(435,-164,-242)
(447,-161,-228)
(447,-166,-234)
(447,-165,-239)
(438,-176,-243)
(445,-166,-242)
(448,-173,-246)
(445,-171,-243)
(444,-167,-250)
(440,-173,-239)
(446,-171,-243)
(438,-177,-245)
(433,-176,-238)
(433,-184,-243)
(440,-179,-240)
(440,-173,-246)
(428,-176,-242)
(428,-172,-249)
(432,-181,-246)
(432,-184,-248)
(426,-188,-248)
(438,-181,-242)
(423,-183,-248)
(429,-184,-250)
(440,-191,-240)
(422,-177,-248)
(428,-187,-241)
(436,-173,-240)
(436,-183,-241)
(432,-183,-244)
(438,-176,-241)
(427,-179,-238)
(431,-187,-247)
(428,-191,-238)
(428,-185,-240)
(436,-183,-241)
(427,-186,-243)
(432,-181,-241)
(432,-187,-239)
(430,-175,-241)
(436,-183,-239)
(425,-191,-241)
(439,-188,-242)
(434,-181,-247)
(432,-178,-243)
(429,-194,-247)
(433,-180,-243)
(433,-186,-244)
(428,-185,-237)
(434,-175,-237)
